PID is : 44213
TIME is : 2022-04-10T10:42:35.811841
Model is : conttime
FileData is : ./data/galanz/data05
Seed is : 12345
FilePretrain is : ./tracks/track_PID=20967_TIME=2022-04-03T13:56:22.147692/model.pkl
SizeBatch is : 1
PartialPredict is : False
PruneStream is : 0
PredictFirst is: True
PredictLambda is : False
ModelGold is : None
FileGold is : None
reading and processing data ... 
initialize the data processer ... 
reading data for tag :  test
finish data processer initialization ... 
building model ... 
building controller ... 
initializing Neural Hawkes with Continuous-time LSTM ... 
train with prediction ... 
computing predictions loss of neural Hawkes with continuous-time LSTM ... 
memory efficient version ... 

['nvcc', '-shared', '-O3', '-m64', '-Xcompiler', '-DCUDA_NDARRAY_CUH=c72d035fdf91890f3b36710688069b2e,-DNPY_NO_DEPRECATED_API=NPY_1_7_API_VERSION,-fPIC,-fvisibility=hidden', '-Xlinker', '-rpath,/data1/lxt/.theano/compiledir_Linux-4.15--generic-x86_64-with-debian-stretch-sid-x86_64-2.7.13-64/cuda_ndarray', '-I/data1/lxt/anaconda3/envs/python2/lib/python2.7/site-packages/theano/sandbox/cuda', '-I/data1/lxt/anaconda3/envs/python2/lib/python2.7/site-packages/numpy/core/include', '-I/data1/lxt/anaconda3/envs/python2/include/python2.7', '-I/data1/lxt/anaconda3/envs/python2/lib/python2.7/site-packages/theano/gof', '-L/data1/lxt/anaconda3/envs/python2/lib', '-o', '/data1/lxt/.theano/compiledir_Linux-4.15--generic-x86_64-with-debian-stretch-sid-x86_64-2.7.13-64/cuda_ndarray/cuda_ndarray.so', 'mod.cu', '-lcublas', '-lpython2.7', '-lcudart']
creating Adam optimizer ... 
computing updates ... 
updates computed ! 
optimize prediction ... 
compiling training function ... 
compiling dev function ... 
model finished, comilation time is  36.0
validating for  test
step :  0
seq_type_event:  [[3]
 [1]
 [0]
 [1]
 [1]
 [1]
 [2]
 [2]
 [1]
 [1]
 [1]
 [2]
 [1]
 [1]
 [1]
 [2]
 [2]]
seq_time_values:  [[  0.]
 [  0.]
 [  6.]
 [  5.]
 [  1.]
 [  1.]
 [  3.]
 [  2.]
 [ 11.]
 [ 91.]
 [  1.]
 [  1.]
 [  2.]
 [  1.]
 [  2.]
 [ 18.]
 [  2.]]
target_type:  2
type_predict:  2
prob_over_seq_over_type:  [[[ 0.32700012  0.28438128  0.3886186 ]]

 [[ 0.18245081  0.49400449  0.3235447 ]]

 [[ 0.39973963  0.30760417  0.2926562 ]]

 [[ 0.25086367  0.42712863  0.32200769]]

 [[ 0.20763818  0.61775254  0.17460928]]

 [[ 0.17586953  0.66931481  0.15481567]]

 [[ 0.11328703  0.45675691  0.42995606]]

 [[ 0.07770987  0.30246306  0.61982707]]

 [[ 0.17630485  0.43495459  0.38874056]]

 [[ 0.20211798  0.45548551  0.34239651]]

 [[ 0.1671304   0.62989464  0.20297496]]

 [[ 0.11606996  0.52705803  0.35687201]]

 [[ 0.10494619  0.56704078  0.32801303]]

 [[ 0.0698868   0.71168412  0.21842908]]

 [[ 0.08990327  0.62646315  0.28363358]]

 [[ 0.14638274  0.40544331  0.44817396]]]
type_error: 0
target_time:  2.0
time_predict:  3.3109556817
time_error: 1.3109556817
step :  1
seq_type_event:  [[3]
 [1]
 [2]
 [2]
 [2]
 [2]
 [2]
 [0]
 [2]
 [2]
 [2]
 [2]
 [0]
 [0]
 [0]
 [2]
 [2]]
seq_time_values:  [[  0.]
 [  0.]
 [  2.]
 [ 16.]
 [  1.]
 [  2.]
 [  2.]
 [ 10.]
 [  1.]
 [  1.]
 [ 57.]
 [  2.]
 [ 36.]
 [  1.]
 [  1.]
 [  4.]
 [  1.]]
target_type:  2
type_predict:  2
prob_over_seq_over_type:  [[[ 0.32695616  0.28439572  0.38864812]]

 [[ 0.19909385  0.45616814  0.344738  ]]

 [[ 0.08815959  0.3024412   0.60939921]]

 [[ 0.21264309  0.29192985  0.49542706]]

 [[ 0.15275144  0.2168349   0.63041366]]

 [[ 0.09701333  0.14898162  0.75400505]]

 [[ 0.05073298  0.10824906  0.84101795]]

 [[ 0.38593956  0.23064758  0.38341286]]

 [[ 0.1994186   0.21750723  0.58307417]]

 [[ 0.11892297  0.2022014   0.67887563]]

 [[ 0.24553424  0.22011233  0.53435343]]

 [[ 0.19459175  0.21238948  0.59301877]]

 [[ 0.4279904   0.22552575  0.34648384]]

 [[ 0.57175333  0.19004646  0.23820022]]

 [[ 0.68433151  0.16788812  0.14778037]]

 [[ 0.30165842  0.21280782  0.48553376]]]
type_error: 0
target_time:  1.0
time_predict:  3.2061687002
time_error: 2.2061687002
step :  2
seq_type_event:  [[3]
 [2]
 [2]
 [2]
 [0]
 [0]
 [0]
 [0]
 [0]
 [0]
 [0]
 [2]
 [0]
 [0]
 [0]
 [0]
 [1]]
seq_time_values:  [[ 0.]
 [ 0.]
 [ 1.]
 [ 3.]
 [ 2.]
 [ 1.]
 [ 1.]
 [ 1.]
 [ 1.]
 [ 1.]
 [ 1.]
 [ 3.]
 [ 2.]
 [ 1.]
 [ 2.]
 [ 2.]
 [ 3.]]
target_type:  1
type_predict:  0
prob_over_seq_over_type:  [[[ 0.32699248  0.28438396  0.38862356]]

 [[ 0.13256545  0.21865961  0.64877494]]

 [[ 0.04830325  0.13134885  0.8203479 ]]

 [[ 0.02947039  0.05209309  0.91843652]]

 [[ 0.34929006  0.15496637  0.49574356]]

 [[ 0.53747185  0.19386508  0.26866307]]

 [[ 0.60305727  0.20293107  0.19401166]]

 [[ 0.64947759  0.19835727  0.15216514]]

 [[ 0.68636419  0.18922477  0.12441104]]

 [[ 0.7182723   0.17847677  0.10325093]]

 [[ 0.74647015  0.16739627  0.08613358]]

 [[ 0.50777786  0.16383479  0.32838735]]

 [[ 0.74469443  0.14171104  0.11359453]]

 [[ 0.7625336   0.14424947  0.09321693]]

 [[ 0.79448589  0.13144535  0.07406877]]

 [[ 0.81487916  0.11702323  0.0680976 ]]]
type_error: 1
target_time:  3.0
time_predict:  1.91241145364
time_error: 1.08758854636
step :  3
seq_type_event:  [[3]
 [2]
 [2]
 [2]
 [2]
 [2]
 [0]
 [1]
 [0]
 [0]
 [2]
 [1]
 [2]
 [2]
 [2]
 [2]
 [2]]
seq_time_values:  [[ 0.]
 [ 0.]
 [ 8.]
 [ 1.]
 [ 2.]
 [ 1.]
 [ 2.]
 [ 2.]
 [ 1.]
 [ 4.]
 [ 4.]
 [ 1.]
 [ 1.]
 [ 1.]
 [ 6.]
 [ 1.]
 [ 1.]]
target_type:  2
type_predict:  2
prob_over_seq_over_type:  [[[ 0.32697771  0.28438893  0.38863336]]

 [[ 0.12660511  0.21327866  0.66011623]]

 [[ 0.21110184  0.18050599  0.60839218]]

 [[ 0.10819647  0.1313138   0.76048973]]

 [[ 0.04767811  0.0834709   0.86885099]]

 [[ 0.01481403  0.05905443  0.92613154]]

 [[ 0.17937688  0.14097877  0.67964434]]

 [[ 0.14986104  0.29554802  0.55459094]]

 [[ 0.34729953  0.27584958  0.37685089]]

 [[ 0.57588562  0.18137607  0.24273831]]

 [[ 0.29046269  0.16417307  0.54536424]]

 [[ 0.32015083  0.34389726  0.33595191]]

 [[ 0.23274837  0.26008618  0.50716545]]

 [[ 0.17708317  0.23404566  0.58887118]]

 [[ 0.13898436  0.19536321  0.66565243]]

 [[ 0.10600987  0.17192956  0.72206057]]]
type_error: 0
target_time:  1.0
time_predict:  1.82316372842
time_error: 0.823163728424
step :  4
seq_type_event:  [[3]
 [1]
 [2]
 [2]
 [2]
 [0]
 [2]
 [0]
 [0]
 [0]
 [0]
 [2]
 [2]
 [2]
 [2]
 [2]
 [2]]
seq_time_values:  [[  0.]
 [  0.]
 [  1.]
 [  1.]
 [  3.]
 [  1.]
 [  2.]
 [ 55.]
 [  5.]
 [ 12.]
 [  3.]
 [  4.]
 [ 13.]
 [ 22.]
 [  4.]
 [  1.]
 [  3.]]
target_type:  2
type_predict:  2
prob_over_seq_over_type:  [[[ 0.32699388  0.28438328  0.38862285]]

 [[ 0.18924611  0.47533678  0.33541711]]

 [[ 0.22537404  0.39779654  0.37682942]]

 [[ 0.13025053  0.30405562  0.56569385]]

 [[ 0.04162425  0.15401328  0.80436246]]

 [[ 0.35835692  0.26549919  0.37614389]]

 [[ 0.22862958  0.20548041  0.56589001]]

 [[ 0.45123859  0.25602837  0.29273304]]

 [[ 0.53522462  0.23211928  0.23265609]]

 [[ 0.54012696  0.21766697  0.24220607]]

 [[ 0.60971621  0.19492529  0.1953585 ]]

 [[ 0.35299745  0.18620539  0.46079716]]

 [[ 0.3030683   0.22820954  0.46872216]]

 [[ 0.29260948  0.22523647  0.48215404]]

 [[ 0.21079476  0.18192458  0.60728065]]

 [[ 0.16134123  0.17464628  0.66401249]]]
type_error: 0
target_time:  3.0
time_predict:  2.47030549692
time_error: 0.529694503082
step :  5
seq_type_event:  [[3]
 [0]
 [0]
 [0]
 [0]
 [0]
 [0]
 [0]
 [0]
 [0]
 [0]
 [0]
 [0]
 [0]
 [0]
 [0]
 [0]]
seq_time_values:  [[ 0.]
 [ 0.]
 [ 2.]
 [ 1.]
 [ 1.]
 [ 1.]
 [ 1.]
 [ 1.]
 [ 1.]
 [ 1.]
 [ 1.]
 [ 1.]
 [ 1.]
 [ 1.]
 [ 1.]
 [ 2.]
 [ 1.]]
target_type:  0
type_predict:  0
prob_over_seq_over_type:  [[[ 0.32695331  0.28439662  0.38865007]]

 [[ 0.76362601  0.13101549  0.1053585 ]]

 [[ 0.85154068  0.08729334  0.06116598]]

 [[ 0.95156889  0.02773504  0.02069607]]

 [[ 0.93965575  0.04124315  0.01910109]]

 [[ 0.93422474  0.04971945  0.01605581]]

 [[ 0.94197609  0.04591966  0.01210424]]

 [[ 0.94912513  0.0414806   0.00939426]]

 [[ 0.95436035  0.03803921  0.00760044]]

 [[ 0.95800613  0.03559183  0.00640204]]

 [[ 0.96070655  0.03375843  0.00553502]]

 [[ 0.96285961  0.03228261  0.00485778]]

 [[ 0.96466151  0.03103589  0.0043026 ]]

 [[ 0.96621589  0.02994987  0.00383424]]

 [[ 0.96758144  0.02898574  0.00343281]]

 [[ 0.98039595  0.01552661  0.00407744]]]
type_error: 0
target_time:  1.0
time_predict:  0.907618578779
time_error: 0.0923814212214
step :  6
seq_type_event:  [[3]
 [0]
 [0]
 [0]
 [0]
 [0]
 [0]
 [0]
 [0]
 [0]
 [0]
 [0]
 [0]
 [0]
 [0]
 [0]
 [0]]
seq_time_values:  [[ 0.]
 [ 0.]
 [ 3.]
 [ 1.]
 [ 1.]
 [ 1.]
 [ 1.]
 [ 1.]
 [ 1.]
 [ 1.]
 [ 1.]
 [ 1.]
 [ 1.]
 [ 1.]
 [ 1.]
 [ 1.]
 [ 2.]]
target_type:  0
type_predict:  0
prob_over_seq_over_type:  [[[ 0.32683784  0.28443454  0.38872762]]

 [[ 0.74075438  0.16040834  0.09883728]]

 [[ 0.75380279  0.12137979  0.12481742]]

 [[ 0.95749335  0.03252183  0.00998482]]

 [[ 0.94458762  0.03222874  0.02318364]]

 [[ 0.93195119  0.04474098  0.02330782]]

 [[ 0.93430724  0.04717076  0.018522  ]]

 [[ 0.93778196  0.04617915  0.0160389 ]]

 [[ 0.94244491  0.04373844  0.01381664]]

 [[ 0.9465643   0.04137793  0.01205776]]

 [[ 0.94974814  0.03951209  0.01073977]]

 [[ 0.95231471  0.03798853  0.00969676]]

 [[ 0.95451861  0.03666351  0.00881787]]

 [[ 0.95648519  0.03546696  0.00804785]]

 [[ 0.95827831  0.03436379  0.00735791]]

 [[ 0.95993137  0.03333599  0.00673264]]]
type_error: 0
target_time:  2.0
time_predict:  0.950109412741
time_error: 1.04989058726
step :  7
seq_type_event:  [[3]
 [0]
 [0]
 [0]
 [0]
 [0]
 [0]
 [0]
 [0]
 [0]
 [0]
 [0]
 [0]
 [0]
 [0]
 [0]
 [0]]
seq_time_values:  [[ 0.]
 [ 0.]
 [ 1.]
 [ 2.]
 [ 1.]
 [ 1.]
 [ 1.]
 [ 3.]
 [ 2.]
 [ 1.]
 [ 2.]
 [ 2.]
 [ 1.]
 [ 1.]
 [ 1.]
 [ 1.]
 [ 1.]]
target_type:  0
type_predict:  0
prob_over_seq_over_type:  [[[ 0.32697107  0.28439102  0.38863791]]

 [[ 0.79991013  0.11343721  0.08665266]]

 [[ 0.89648621  0.08226843  0.02124536]]

 [[ 0.92429137  0.04352804  0.0321806 ]]

 [[ 0.89509926  0.06709839  0.03780235]]

 [[ 0.90013806  0.07081072  0.02905123]]

 [[ 0.91424746  0.06376724  0.0219853 ]]

 [[ 0.95989184  0.02388401  0.01622414]]

 [[ 0.94872393  0.03032487  0.0209512 ]]

 [[ 0.95567612  0.03133524  0.01298864]]

 [[ 0.95223305  0.03318754  0.01457941]]

 [[ 0.95148454  0.03036549  0.01814997]]

 [[ 0.96608172  0.02243173  0.01148654]]

 [[ 0.97522612  0.01946461  0.00530927]]

 [[ 0.97387704  0.02309249  0.00303047]]

 [[ 0.95848364  0.03590522  0.00561114]]]
type_error: 0
target_time:  1.0
time_predict:  1.1360632854
time_error: 0.136063285403
step :  8
seq_type_event:  [[3]
 [1]
 [0]
 [1]
 [0]
 [2]
 [2]
 [2]
 [2]
 [1]
 [0]
 [0]
 [2]
 [2]
 [1]
 [2]
 [2]]
seq_time_values:  [[  0.]
 [  0.]
 [  1.]
 [  1.]
 [  1.]
 [  1.]
 [  1.]
 [  1.]
 [  1.]
 [  1.]
 [  1.]
 [ 23.]
 [  5.]
 [  2.]
 [  1.]
 [  1.]
 [  2.]]
target_type:  2
type_predict:  2
prob_over_seq_over_type:  [[[ 0.32692645  0.28440528  0.38866827]]

 [[ 0.2064941   0.4583038   0.3352021 ]]

 [[ 0.4564421   0.41942618  0.12413172]]

 [[ 0.31169694  0.48158736  0.2067157 ]]

 [[ 0.50269651  0.39471331  0.10259018]]

 [[ 0.30973088  0.32599923  0.36426988]]

 [[ 0.20168619  0.26926165  0.52905215]]

 [[ 0.13188909  0.23065229  0.63745862]]

 [[ 0.08734776  0.19855912  0.71409312]]

 [[ 0.08255339  0.34911199  0.56833462]]

 [[ 0.44475013  0.34808218  0.20716769]]

 [[ 0.59317441  0.20280119  0.20402441]]

 [[ 0.28648159  0.21065113  0.50286727]]

 [[ 0.16267627  0.16212192  0.67520181]]

 [[ 0.21010862  0.32993498  0.45995641]]

 [[ 0.16188961  0.24669863  0.59141176]]]
type_error: 0
target_time:  2.0
time_predict:  2.40712576089
time_error: 0.407125760895
step :  9
seq_type_event:  [[3]
 [0]
 [0]
 [0]
 [0]
 [0]
 [0]
 [0]
 [0]
 [0]
 [2]
 [2]
 [2]
 [2]
 [2]
 [2]
 [2]]
seq_time_values:  [[ 0.]
 [ 0.]
 [ 1.]
 [ 2.]
 [ 2.]
 [ 1.]
 [ 1.]
 [ 1.]
 [ 1.]
 [ 1.]
 [ 3.]
 [ 5.]
 [ 1.]
 [ 1.]
 [ 3.]
 [ 1.]
 [ 2.]]
target_type:  2
type_predict:  2
prob_over_seq_over_type:  [[[ 0.32691744  0.28440824  0.38867433]]

 [[ 0.78628334  0.12071751  0.09299916]]

 [[ 0.90528742  0.07251577  0.02219681]]

 [[ 0.91462107  0.04656845  0.03881048]]

 [[ 0.90317277  0.0559452   0.04088203]]

 [[ 0.91706545  0.05073973  0.03219482]]

 [[ 0.9266503   0.05003581  0.02331389]]

 [[ 0.9306851   0.05012934  0.01918556]]

 [[ 0.93471956  0.04869666  0.01658379]]

 [[ 0.93976022  0.04598861  0.01425117]]

 [[ 0.69375554  0.09795314  0.20829132]]

 [[ 0.40539246  0.14987144  0.4447361 ]]

 [[ 0.34239723  0.14032324  0.51727953]]

 [[ 0.17346342  0.13308253  0.69345405]]

 [[ 0.13480513  0.13159076  0.73360411]]

 [[ 0.07569421  0.10981822  0.81448757]]]
type_error: 0
target_time:  2.0
time_predict:  2.1035329335
time_error: 0.103532933498
step :  10
seq_type_event:  [[3]
 [1]
 [2]
 [2]
 [2]
 [2]
 [2]
 [2]
 [2]
 [2]
 [2]
 [2]
 [2]
 [2]
 [2]
 [2]
 [1]]
seq_time_values:  [[ 0.]
 [ 0.]
 [ 1.]
 [ 3.]
 [ 2.]
 [ 1.]
 [ 1.]
 [ 2.]
 [ 3.]
 [ 1.]
 [ 1.]
 [ 2.]
 [ 4.]
 [ 1.]
 [ 2.]
 [ 1.]
 [ 2.]]
target_type:  1
type_predict:  2
prob_over_seq_over_type:  [[[ 0.32682737  0.28443843  0.38873419]]

 [[ 0.17776629  0.51456157  0.30767214]]

 [[ 0.22170717  0.41067971  0.36761312]]

 [[ 0.10253648  0.23673616  0.66072736]]

 [[ 0.0691141   0.16707129  0.76381461]]

 [[ 0.05684548  0.15845399  0.78470053]]

 [[ 0.03613028  0.12684141  0.83702831]]

 [[ 0.05732839  0.13030962  0.81236199]]

 [[ 0.07182945  0.13521649  0.79295406]]

 [[ 0.04739096  0.11238989  0.84021915]]

 [[ 0.0302062   0.09815792  0.87163588]]

 [[ 0.05173558  0.11919386  0.82907056]]

 [[ 0.05481449  0.12014015  0.82504536]]

 [[ 0.03988553  0.10118064  0.85893383]]

 [[ 0.04823025  0.11075132  0.84101842]]

 [[ 0.03231136  0.09571281  0.87197583]]]
type_error: 1
target_time:  2.0
time_predict:  2.01572751938
time_error: 0.0157275193808
step :  11
seq_type_event:  [[3]
 [2]
 [1]
 [2]
 [1]
 [2]
 [1]
 [2]
 [0]
 [0]
 [1]
 [2]
 [2]
 [2]
 [2]
 [2]
 [2]]
seq_time_values:  [[  0.]
 [  0.]
 [  1.]
 [  1.]
 [  1.]
 [  1.]
 [  1.]
 [  1.]
 [  1.]
 [  1.]
 [  1.]
 [ 12.]
 [  1.]
 [  4.]
 [  1.]
 [  1.]
 [  1.]]
target_type:  2
type_predict:  2
prob_over_seq_over_type:  [[[ 0.32681767  0.2844411   0.38874122]]

 [[ 0.12941924  0.22625714  0.64432362]]

 [[ 0.1059888   0.38515321  0.50885799]]

 [[ 0.03682373  0.26517005  0.69800622]]

 [[ 0.0489489   0.39780163  0.55324947]]

 [[ 0.03263144  0.32449523  0.64287333]]

 [[ 0.03197641  0.43349655  0.53452705]]

 [[ 0.03405474  0.34478065  0.62116461]]

 [[ 0.30764295  0.38529648  0.30706057]]

 [[ 0.48432546  0.3529251   0.16274944]]

 [[ 0.36043813  0.42401817  0.21554371]]

 [[ 0.27756542  0.26397816  0.45845642]]

 [[ 0.18277392  0.19898415  0.61824193]]

 [[ 0.13478911  0.15823574  0.70697516]]

 [[ 0.11363011  0.17510344  0.71126645]]

 [[ 0.07201694  0.15044099  0.77754206]]]
type_error: 0
target_time:  1.0
time_predict:  2.07637940273
time_error: 1.07637940273
step :  12
seq_type_event:  [[3]
 [2]
 [0]
 [0]
 [1]
 [0]
 [1]
 [0]
 [0]
 [0]
 [0]
 [2]
 [2]
 [1]
 [0]
 [2]
 [1]]
seq_time_values:  [[  0.]
 [  0.]
 [ 16.]
 [ 38.]
 [  4.]
 [  1.]
 [  3.]
 [  2.]
 [  1.]
 [  2.]
 [  8.]
 [  3.]
 [ 10.]
 [  2.]
 [  7.]
 [  3.]
 [  2.]]
target_type:  1
type_predict:  2
prob_over_seq_over_type:  [[[ 0.32687441  0.28442215  0.38870344]]

 [[ 0.09540687  0.18830938  0.71628375]]

 [[ 0.4786055   0.19072207  0.33067244]]

 [[ 0.47884839  0.21081038  0.31034123]]

 [[ 0.37625316  0.31641913  0.3073277 ]]

 [[ 0.56226551  0.24358507  0.19414942]]

 [[ 0.31137066  0.39120731  0.29742203]]

 [[ 0.57819169  0.27138309  0.15042522]]

 [[ 0.74881199  0.18498665  0.06620136]]

 [[ 0.73306953  0.16216973  0.10476074]]

 [[ 0.72714586  0.12010482  0.15274932]]

 [[ 0.41047025  0.14046889  0.44906086]]

 [[ 0.30634067  0.20105063  0.4926087 ]]

 [[ 0.32367717  0.31470902  0.36161382]]

 [[ 0.54708239  0.19874456  0.25417305]]

 [[ 0.24164242  0.15382     0.60453758]]]
type_error: 1
target_time:  2.0
time_predict:  3.66930976275
time_error: 1.66930976275
step :  13
seq_type_event:  [[3]
 [2]
 [2]
 [2]
 [2]
 [2]
 [1]
 [2]
 [0]
 [0]
 [2]
 [0]
 [1]
 [2]
 [2]
 [2]
 [0]]
seq_time_values:  [[ 0.]
 [ 0.]
 [ 1.]
 [ 2.]
 [ 1.]
 [ 2.]
 [ 1.]
 [ 1.]
 [ 1.]
 [ 1.]
 [ 1.]
 [ 2.]
 [ 1.]
 [ 1.]
 [ 1.]
 [ 2.]
 [ 1.]]
target_type:  0
type_predict:  2
prob_over_seq_over_type:  [[[ 0.32698182  0.28438791  0.38863026]]

 [[ 0.16470556  0.2683768   0.56691764]]

 [[ 0.05591182  0.15135428  0.7927339 ]]

 [[ 0.03412032  0.07485264  0.89102704]]

 [[ 0.02522194  0.06855543  0.90622263]]

 [[ 0.02907289  0.06129968  0.90962742]]

 [[ 0.04571309  0.20421252  0.75007439]]

 [[ 0.04756746  0.1517041   0.80072844]]

 [[ 0.32197335  0.25412669  0.42389996]]

 [[ 0.51556281  0.26517471  0.21926249]]

 [[ 0.31076027  0.20979999  0.47943974]]

 [[ 0.56954901  0.20251992  0.22793106]]

 [[ 0.40767447  0.35520804  0.23711748]]

 [[ 0.3415134   0.28820336  0.37028323]]

 [[ 0.23291848  0.23704908  0.53003244]]

 [[ 0.15805993  0.1895957   0.65234437]]]
type_error: 2
target_time:  1.0
time_predict:  1.72698104221
time_error: 0.726981042213
step :  14
seq_type_event:  [[3]
 [1]
 [0]
 [0]
 [0]
 [0]
 [0]
 [0]
 [0]
 [0]
 [0]
 [0]
 [0]
 [0]
 [0]
 [0]
 [0]]
seq_time_values:  [[ 0.]
 [ 0.]
 [ 3.]
 [ 1.]
 [ 1.]
 [ 1.]
 [ 4.]
 [ 1.]
 [ 1.]
 [ 1.]
 [ 1.]
 [ 1.]
 [ 1.]
 [ 1.]
 [ 1.]
 [ 1.]
 [ 1.]]
target_type:  0
type_predict:  0
prob_over_seq_over_type:  [[[ 0.3269647   0.28439285  0.38864246]]

 [[ 0.19580786  0.48206933  0.32212281]]

 [[ 0.46325642  0.31154271  0.22520087]]

 [[ 0.76424774  0.18795012  0.04780214]]

 [[ 0.74259889  0.16892506  0.08847605]]

 [[ 0.73407767  0.18038954  0.08553279]]

 [[ 0.84060835  0.09841996  0.06097169]]

 [[ 0.81661636  0.12287375  0.06050988]]

 [[ 0.81938113  0.11732023  0.06329864]]

 [[ 0.83311599  0.11273986  0.05414415]]

 [[ 0.84617751  0.10715272  0.04666977]]

 [[ 0.85282843  0.10346279  0.04370878]]

 [[ 0.86196336  0.09788367  0.04015297]]

 [[ 0.8751753   0.08993583  0.03488887]]

 [[ 0.88838396  0.081765    0.02985105]]

 [[ 0.89953903  0.0746413   0.02581967]]]
type_error: 0
target_time:  1.0
time_predict:  1.14401598966
time_error: 0.144015989661
step :  15
seq_type_event:  [[3]
 [0]
 [0]
 [0]
 [0]
 [0]
 [2]
 [2]
 [2]
 [2]
 [2]
 [1]
 [1]
 [1]
 [0]
 [2]
 [2]]
seq_time_values:  [[ 0.]
 [ 0.]
 [ 2.]
 [ 1.]
 [ 1.]
 [ 1.]
 [ 1.]
 [ 1.]
 [ 1.]
 [ 1.]
 [ 2.]
 [ 2.]
 [ 1.]
 [ 1.]
 [ 1.]
 [ 1.]
 [ 1.]]
target_type:  2
type_predict:  2
prob_over_seq_over_type:  [[[ 0.32692838  0.28440512  0.38866649]]

 [[ 0.72402991  0.15676453  0.11920556]]

 [[ 0.89552899  0.06867005  0.03580096]]

 [[ 0.94539343  0.03360082  0.02100574]]

 [[ 0.92523878  0.04885722  0.02590399]]

 [[ 0.92434755  0.05417223  0.02148023]]

 [[ 0.58214917  0.15596485  0.26188598]]

 [[ 0.42073143  0.16327898  0.41598958]]

 [[ 0.30599767  0.14700826  0.54699407]]

 [[ 0.20393947  0.12185006  0.67421047]]

 [[ 0.13193455  0.10329542  0.76477003]]

 [[ 0.18292455  0.30662404  0.51045142]]

 [[ 0.17198642  0.41486094  0.41315264]]

 [[ 0.14322192  0.48208228  0.3746958 ]]

 [[ 0.45259374  0.37436299  0.17304327]]

 [[ 0.28400715  0.2924935   0.42349936]]]
type_error: 0
target_time:  1.0
time_predict:  0.977855902413
time_error: 0.0221440975869
step :  16
seq_type_event:  [[3]
 [2]
 [2]
 [1]
 [0]
 [2]
 [0]
 [0]
 [0]
 [0]
 [0]
 [1]
 [2]
 [1]
 [2]
 [0]
 [1]]
seq_time_values:  [[ 0.]
 [ 0.]
 [ 5.]
 [ 4.]
 [ 3.]
 [ 2.]
 [ 1.]
 [ 1.]
 [ 1.]
 [ 1.]
 [ 2.]
 [ 1.]
 [ 1.]
 [ 1.]
 [ 1.]
 [ 1.]
 [ 1.]]
target_type:  1
type_predict:  0
prob_over_seq_over_type:  [[[ 0.32694168  0.28440046  0.38865786]]

 [[ 0.1508116   0.22747016  0.62171823]]

 [[ 0.15590886  0.17264964  0.6714415 ]]

 [[ 0.17945978  0.31476928  0.50577093]]

 [[ 0.41960234  0.25002617  0.33037149]]

 [[ 0.19602077  0.20529047  0.59868876]]

 [[ 0.44420758  0.23691     0.31888242]]

 [[ 0.62117024  0.18041289  0.19841687]]

 [[ 0.70405828  0.15637515  0.13956657]]

 [[ 0.71421952  0.16410995  0.12167053]]

 [[ 0.73666366  0.16122422  0.10211212]]

 [[ 0.53130514  0.33284618  0.13584868]]

 [[ 0.48700644  0.30176144  0.21123213]]

 [[ 0.46629998  0.40552911  0.12817091]]

 [[ 0.40321908  0.34439453  0.25238638]]

 [[ 0.53849982  0.31262646  0.14887373]]]
type_error: 1
target_time:  1.0
time_predict:  1.91136637049
time_error: 0.911366370494
step :  17
seq_type_event:  [[3]
 [2]
 [2]
 [1]
 [0]
 [2]
 [1]
 [2]
 [1]
 [2]
 [2]
 [2]
 [2]
 [2]
 [2]
 [1]
 [2]]
seq_time_values:  [[ 0.]
 [ 0.]
 [ 1.]
 [ 4.]
 [ 1.]
 [ 1.]
 [ 1.]
 [ 1.]
 [ 1.]
 [ 1.]
 [ 1.]
 [ 1.]
 [ 1.]
 [ 1.]
 [ 1.]
 [ 1.]
 [ 2.]]
target_type:  2
type_predict:  2
prob_over_seq_over_type:  [[[ 0.32692261  0.28440678  0.38867061]]

 [[ 0.15243864  0.24758611  0.59997525]]

 [[ 0.05003502  0.14464988  0.8053151 ]]

 [[ 0.10389778  0.25747442  0.6386278 ]]

 [[ 0.41593244  0.26532129  0.31874628]]

 [[ 0.21811737  0.22403837  0.55784427]]

 [[ 0.19002022  0.35490394  0.45507584]]

 [[ 0.18157231  0.30869449  0.50973321]]

 [[ 0.15945349  0.38881233  0.45173418]]

 [[ 0.15099493  0.33115498  0.51785009]]

 [[ 0.11182232  0.27166835  0.61650933]]

 [[ 0.09248454  0.24681011  0.66070536]]

 [[ 0.08329526  0.23163967  0.68506507]]

 [[ 0.07885941  0.22122385  0.69991674]]

 [[ 0.07667105  0.21348344  0.7098455 ]]

 [[ 0.07079457  0.32500654  0.60419889]]]
type_error: 0
target_time:  2.0
time_predict:  1.03238111842
time_error: 0.967618881581
step :  18
seq_type_event:  [[3]
 [1]
 [1]
 [1]
 [1]
 [1]
 [1]
 [2]
 [1]
 [1]
 [1]
 [1]
 [0]
 [2]
 [2]
 [2]
 [0]]
seq_time_values:  [[  0.]
 [  0.]
 [  3.]
 [  5.]
 [ 13.]
 [  2.]
 [  2.]
 [  3.]
 [  9.]
 [  1.]
 [  2.]
 [  1.]
 [  4.]
 [  1.]
 [  2.]
 [ 13.]
 [  2.]]
target_type:  0
type_predict:  2
prob_over_seq_over_type:  [[[ 0.32698051  0.28438784  0.38863164]]

 [[ 0.1681035   0.51975514  0.31214136]]

 [[ 0.1454366   0.59943242  0.25513098]]

 [[ 0.13992472  0.59212421  0.26795107]]

 [[ 0.16349009  0.58161018  0.25489974]]

 [[ 0.15551513  0.61153683  0.23294804]]

 [[ 0.12203096  0.62668983  0.25127921]]

 [[ 0.1013871   0.47672881  0.42188409]]

 [[ 0.1717049   0.50449977  0.32379534]]

 [[ 0.17589654  0.58036184  0.24374162]]

 [[ 0.10824317  0.600589    0.29116783]]

 [[ 0.10858675  0.66306903  0.22834422]]

 [[ 0.28047965  0.52833142  0.19118893]]

 [[ 0.17706805  0.5553041   0.26762785]]

 [[ 0.13582191  0.35953372  0.50464437]]

 [[ 0.18535688  0.27135735  0.54328577]]]
type_error: 2
target_time:  2.0
time_predict:  4.74154362637
time_error: 2.74154362637
step :  19
seq_type_event:  [[3]
 [2]
 [0]
 [1]
 [1]
 [2]
 [2]
 [0]
 [0]
 [0]
 [0]
 [0]
 [0]
 [2]
 [1]
 [2]
 [1]]
seq_time_values:  [[  0.]
 [  0.]
 [  1.]
 [  1.]
 [ 10.]
 [  5.]
 [  6.]
 [  3.]
 [  4.]
 [  1.]
 [  6.]
 [  4.]
 [  4.]
 [  6.]
 [  1.]
 [  2.]
 [  3.]]
target_type:  1
type_predict:  2
prob_over_seq_over_type:  [[[ 0.32689577  0.28441582  0.38868841]]

 [[ 0.13193026  0.24575431  0.62231543]]

 [[ 0.3885171   0.20519388  0.40628903]]

 [[ 0.23396026  0.38255356  0.38348618]]

 [[ 0.19761288  0.45371253  0.34867459]]

 [[ 0.16956312  0.3351979   0.49523898]]

 [[ 0.18241004  0.28126028  0.53632967]]

 [[ 0.47179027  0.24083107  0.28737866]]

 [[ 0.54556873  0.20179561  0.25263566]]

 [[ 0.76111534  0.14593435  0.09295031]]

 [[ 0.60713505  0.17001605  0.2228489 ]]

 [[ 0.65569578  0.14948015  0.19482407]]

 [[ 0.67621884  0.14123073  0.18255043]]

 [[ 0.35548717  0.19507754  0.44943529]]

 [[ 0.42974717  0.32894966  0.24130317]]

 [[ 0.22274202  0.23478733  0.54247066]]]
type_error: 1
target_time:  3.0
time_predict:  3.67776590176
time_error: 0.677765901759
step :  20
seq_type_event:  [[3]
 [2]
 [2]
 [2]
 [2]
 [2]
 [2]
 [2]
 [2]
 [2]
 [2]
 [2]
 [2]
 [1]
 [1]
 [0]
 [2]]
seq_time_values:  [[  0.]
 [  0.]
 [  6.]
 [ 24.]
 [  2.]
 [  2.]
 [  1.]
 [  1.]
 [  2.]
 [  2.]
 [ 17.]
 [  4.]
 [  1.]
 [ 13.]
 [  5.]
 [  5.]
 [  1.]]
target_type:  2
type_predict:  2
prob_over_seq_over_type:  [[[ 0.32692493  0.28440624  0.38866883]]

 [[ 0.15187523  0.26447253  0.58365224]]

 [[ 0.24189255  0.24125449  0.51685295]]

 [[ 0.25095213  0.20153143  0.54751643]]

 [[ 0.22499175  0.22689003  0.54811823]]

 [[ 0.17770194  0.20430879  0.61798926]]

 [[ 0.09438296  0.15284682  0.75277022]]

 [[ 0.01764339  0.07867369  0.90368291]]

 [[ 0.00573614  0.03130866  0.9629552 ]]

 [[ 0.00475142  0.03700062  0.95824796]]

 [[ 0.13756911  0.19271557  0.66971533]]

 [[ 0.13128795  0.18983498  0.67887707]]

 [[ 0.10174757  0.17291295  0.72533948]]

 [[ 0.19759249  0.25702354  0.54538397]]

 [[ 0.1928362   0.34098844  0.46617536]]

 [[ 0.34590538  0.28878218  0.36531244]]]
type_error: 0
target_time:  1.0
time_predict:  3.55910376059
time_error: 2.55910376059
step :  21
seq_type_event:  [[3]
 [2]
 [2]
 [2]
 [2]
 [2]
 [2]
 [2]
 [1]
 [1]
 [1]
 [1]
 [1]
 [1]
 [1]
 [2]
 [1]]
seq_time_values:  [[  0.]
 [  0.]
 [ 19.]
 [  5.]
 [  9.]
 [  4.]
 [  2.]
 [ 15.]
 [  2.]
 [ 10.]
 [  3.]
 [ 11.]
 [  1.]
 [  9.]
 [ 14.]
 [  6.]
 [  2.]]
target_type:  1
type_predict:  2
prob_over_seq_over_type:  [[[ 0.32689777  0.28441477  0.38868746]]

 [[ 0.11986474  0.22681915  0.65331611]]

 [[ 0.25183117  0.20507768  0.54309114]]

 [[ 0.21997829  0.17937569  0.60064602]]

 [[ 0.24484929  0.19282884  0.56232187]]

 [[ 0.19935785  0.16354183  0.63710032]]

 [[ 0.15043939  0.14777832  0.7017823 ]]

 [[ 0.23855675  0.18092478  0.58051847]]

 [[ 0.20166353  0.2585346   0.53980187]]

 [[ 0.19695149  0.36507006  0.43797844]]

 [[ 0.17863335  0.45904193  0.36232471]]

 [[ 0.17504235  0.48206359  0.34289406]]

 [[ 0.183259    0.53439768  0.28234332]]

 [[ 0.1564299   0.52366292  0.31990718]]

 [[ 0.1727679   0.50567057  0.32156153]]

 [[ 0.18844446  0.32472903  0.4868265 ]]]
type_error: 1
target_time:  2.0
time_predict:  2.88131347155
time_error: 0.881313471553
step :  22
seq_type_event:  [[3]
 [1]
 [1]
 [0]
 [1]
 [1]
 [0]
 [0]
 [0]
 [0]
 [0]
 [0]
 [2]
 [0]
 [1]
 [0]
 [1]]
seq_time_values:  [[  0.]
 [  0.]
 [  1.]
 [ 48.]
 [ 16.]
 [  7.]
 [ 11.]
 [  1.]
 [  2.]
 [  2.]
 [  9.]
 [  5.]
 [  2.]
 [  2.]
 [  1.]
 [  2.]
 [  2.]]
target_type:  1
type_predict:  0
prob_over_seq_over_type:  [[[ 0.32690478  0.2844129   0.38868232]]

 [[ 0.18261853  0.49523453  0.32214693]]

 [[ 0.14364357  0.64775726  0.20859917]]

 [[ 0.38636418  0.37844103  0.23519479]]

 [[ 0.24733792  0.47952392  0.27313817]]

 [[ 0.20064628  0.53031358  0.26904014]]

 [[ 0.34521134  0.34855261  0.30623605]]

 [[ 0.57918615  0.25774297  0.16307088]]

 [[ 0.67848094  0.18968512  0.13183394]]

 [[ 0.74756871  0.15376253  0.09866876]]

 [[ 0.6167822   0.18919916  0.19401864]]

 [[ 0.6544172   0.16236174  0.18322106]]

 [[ 0.41539329  0.19107331  0.3935334 ]]

 [[ 0.71308508  0.15423597  0.13267896]]

 [[ 0.46072099  0.33780931  0.2014697 ]]

 [[ 0.61123076  0.23462202  0.15414722]]]
type_error: 1
target_time:  2.0
time_predict:  2.55936666315
time_error: 0.55936666315
step :  23
seq_type_event:  [[3]
 [1]
 [0]
 [0]
 [1]
 [0]
 [0]
 [0]
 [0]
 [0]
 [0]
 [0]
 [0]
 [0]
 [0]
 [0]
 [0]]
seq_time_values:  [[  0.]
 [  0.]
 [  1.]
 [  1.]
 [  2.]
 [  2.]
 [  1.]
 [  1.]
 [  2.]
 [  1.]
 [  4.]
 [  1.]
 [  1.]
 [  2.]
 [  5.]
 [ 12.]
 [  8.]]
target_type:  0
type_predict:  0
prob_over_seq_over_type:  [[[ 0.32687515  0.28442227  0.38870259]]

 [[ 0.18891495  0.47627455  0.3348105 ]]

 [[ 0.45805635  0.42797944  0.11396421]]

 [[ 0.55763537  0.33389485  0.10846977]]

 [[ 0.38271714  0.47930929  0.13797357]]

 [[ 0.57986529  0.31983875  0.10029596]]

 [[ 0.62133032  0.28710341  0.09156627]]

 [[ 0.66364093  0.2546728   0.08168628]]

 [[ 0.74269175  0.17714045  0.08016781]]

 [[ 0.74370094  0.17648498  0.07981408]]

 [[ 0.80501747  0.12478486  0.07019767]]

 [[ 0.80264915  0.13626436  0.06108649]]

 [[ 0.80031064  0.13658228  0.06310708]]

 [[ 0.8174403   0.12729593  0.05526377]]

 [[ 0.84335139  0.09415426  0.06249434]]

 [[ 0.7257512   0.1396094   0.13463939]]]
type_error: 0
target_time:  8.0
time_predict:  2.97853472953
time_error: 5.02146527047
step :  24
seq_type_event:  [[3]
 [1]
 [2]
 [1]
 [0]
 [0]
 [0]
 [0]
 [0]
 [1]
 [0]
 [1]
 [2]
 [2]
 [0]
 [2]
 [0]]
seq_time_values:  [[  0.]
 [  0.]
 [  1.]
 [  7.]
 [  1.]
 [ 11.]
 [  4.]
 [  4.]
 [  1.]
 [  1.]
 [  1.]
 [  1.]
 [  1.]
 [  3.]
 [  1.]
 [  1.]
 [  1.]]
target_type:  0
type_predict:  0
prob_over_seq_over_type:  [[[ 0.32693888  0.28440116  0.38865996]]

 [[ 0.20851475  0.45414128  0.33734397]]

 [[ 0.22562968  0.40638032  0.36799   ]]

 [[ 0.1590508   0.51090078  0.33004843]]

 [[ 0.47957704  0.39388148  0.12654148]]

 [[ 0.49798402  0.27556033  0.22645565]]

 [[ 0.60382817  0.2112528   0.18491904]]

 [[ 0.67257528  0.17029224  0.15713248]]

 [[ 0.81854587  0.13521919  0.04623494]]

 [[ 0.52309821  0.32091018  0.15599162]]

 [[ 0.63134477  0.24876468  0.11989055]]

 [[ 0.45223812  0.36988189  0.17787999]]

 [[ 0.44000501  0.32213788  0.23785711]]

 [[ 0.38899149  0.27574461  0.3352639 ]]

 [[ 0.56986781  0.23920688  0.19092531]]

 [[ 0.38730164  0.23826354  0.37443482]]]
type_error: 0
target_time:  1.0
time_predict:  1.68944890773
time_error: 0.689448907729
step :  25
seq_type_event:  [[3]
 [1]
 [1]
 [1]
 [1]
 [1]
 [2]
 [1]
 [1]
 [1]
 [1]
 [1]
 [1]
 [1]
 [1]
 [1]
 [1]]
seq_time_values:  [[ 0.]
 [ 0.]
 [ 1.]
 [ 1.]
 [ 1.]
 [ 1.]
 [ 1.]
 [ 1.]
 [ 1.]
 [ 1.]
 [ 1.]
 [ 1.]
 [ 1.]
 [ 1.]
 [ 1.]
 [ 1.]
 [ 1.]]
target_type:  1
type_predict:  1
prob_over_seq_over_type:  [[[ 0.32674295  0.28446624  0.38879082]]

 [[ 0.17325536  0.50349311  0.32325153]]

 [[ 0.1435319   0.65122809  0.20524001]]

 [[ 0.16804108  0.61961651  0.21234241]]

 [[ 0.11760225  0.71132145  0.1710763 ]]

 [[ 0.09829114  0.74650501  0.15520385]]

 [[ 0.08920527  0.56827236  0.34252237]]

 [[ 0.04020788  0.69611152  0.2636806 ]]

 [[ 0.05322039  0.76989049  0.17688912]]

 [[ 0.05336198  0.78944172  0.1571963 ]]

 [[ 0.05537151  0.79508933  0.14953916]]

 [[ 0.05825393  0.79958094  0.14216513]]

 [[ 0.06136324  0.80325332  0.13538344]]

 [[ 0.06434307  0.80625472  0.12940221]]

 [[ 0.06704496  0.80874361  0.12421143]]

 [[ 0.06941877  0.81086445  0.11971678]]]
type_error: 0
target_time:  1.0
time_predict:  1.08162363002
time_error: 0.0816236300165
step :  26
seq_type_event:  [[3]
 [1]
 [1]
 [1]
 [2]
 [2]
 [1]
 [1]
 [2]
 [2]
 [2]
 [2]
 [2]
 [1]
 [1]
 [2]
 [2]]
seq_time_values:  [[ 0.]
 [ 0.]
 [ 1.]
 [ 1.]
 [ 1.]
 [ 1.]
 [ 1.]
 [ 1.]
 [ 1.]
 [ 1.]
 [ 1.]
 [ 1.]
 [ 1.]
 [ 1.]
 [ 1.]
 [ 1.]
 [ 1.]]
target_type:  2
type_predict:  2
prob_over_seq_over_type:  [[[ 0.32698174  0.28438726  0.388631  ]]

 [[ 0.15540464  0.54064591  0.30394945]]

 [[ 0.15020028  0.63347923  0.21632049]]

 [[ 0.16769012  0.61389852  0.21841136]]

 [[ 0.10294343  0.50596474  0.39109183]]

 [[ 0.06794528  0.37993715  0.55211757]]

 [[ 0.04833786  0.53465761  0.41700454]]

 [[ 0.04851097  0.67891466  0.27257437]]

 [[ 0.05762612  0.46142646  0.48094742]]

 [[ 0.0372433   0.33904549  0.62371121]]

 [[ 0.03259246  0.29149731  0.67591023]]

 [[ 0.03393695  0.26516603  0.70089702]]

 [[ 0.03708219  0.24752581  0.715392  ]]

 [[ 0.03373784  0.36888392  0.59737824]]

 [[ 0.03796021  0.50474204  0.45729775]]

 [[ 0.03339616  0.35223358  0.61437026]]]
type_error: 0
target_time:  1.0
time_predict:  1.38560118626
time_error: 0.385601186257
step :  27
seq_type_event:  [[3]
 [2]
 [2]
 [2]
 [1]
 [2]
 [2]
 [2]
 [2]
 [2]
 [2]
 [2]
 [2]
 [1]
 [2]
 [2]
 [2]]
seq_time_values:  [[ 0.]
 [ 0.]
 [ 1.]
 [ 2.]
 [ 1.]
 [ 1.]
 [ 1.]
 [ 1.]
 [ 1.]
 [ 1.]
 [ 1.]
 [ 1.]
 [ 1.]
 [ 2.]
 [ 1.]
 [ 1.]
 [ 1.]]
target_type:  2
type_predict:  2
prob_over_seq_over_type:  [[[ 0.32688606  0.28441884  0.3886951 ]]

 [[ 0.09808638  0.21700282  0.6849108 ]]

 [[ 0.05018568  0.15426641  0.79554791]]

 [[ 0.02570128  0.05930369  0.91499503]]

 [[ 0.06860539  0.27314638  0.65824823]]

 [[ 0.05558589  0.21280446  0.73160965]]

 [[ 0.04803461  0.17528395  0.77668145]]

 [[ 0.04270524  0.15331959  0.80397517]]

 [[ 0.04038781  0.13996637  0.81964582]]

 [[ 0.03836049  0.12927702  0.83236249]]

 [[ 0.03577845  0.11921164  0.84500991]]

 [[ 0.03268381  0.10941116  0.85790503]]

 [[ 0.02941381  0.10019706  0.87038913]]

 [[ 0.07949836  0.29134051  0.62916113]]

 [[ 0.07105185  0.21548675  0.7134614 ]]

 [[ 0.0668305   0.18554075  0.74762876]]]
type_error: 0
target_time:  1.0
time_predict:  1.70302463342
time_error: 0.703024633424
step :  28
seq_type_event:  [[3]
 [0]
 [2]
 [2]
 [1]
 [2]
 [2]
 [2]
 [2]
 [2]
 [2]
 [2]
 [2]
 [2]
 [2]
 [2]
 [2]]
seq_time_values:  [[ 0.]
 [ 0.]
 [ 2.]
 [ 1.]
 [ 1.]
 [ 1.]
 [ 1.]
 [ 2.]
 [ 1.]
 [ 1.]
 [ 1.]
 [ 1.]
 [ 1.]
 [ 1.]
 [ 1.]
 [ 1.]
 [ 1.]]
target_type:  2
type_predict:  2
prob_over_seq_over_type:  [[[ 0.32685984  0.28442701  0.38871315]]

 [[ 0.70815961  0.16167508  0.13016531]]

 [[ 0.43940593  0.17854978  0.38204429]]

 [[ 0.24564349  0.20000672  0.5543498 ]]

 [[ 0.21198485  0.37015425  0.4178609 ]]

 [[ 0.17286511  0.32103109  0.50610381]]

 [[ 0.13029171  0.27203401  0.59767428]]

 [[ 0.09426819  0.2285625   0.67716931]]

 [[ 0.07845828  0.20791593  0.71362578]]

 [[ 0.07880694  0.20151964  0.71967342]]

 [[ 0.08123479  0.19508195  0.72368326]]

 [[ 0.08135275  0.18850152  0.73014573]]

 [[ 0.07983797  0.18232242  0.7378396 ]]

 [[ 0.07743188  0.17639632  0.7461718 ]]

 [[ 0.07461801  0.17059109  0.75479089]]

 [[ 0.07166267  0.16486044  0.76347689]]]
type_error: 0
target_time:  1.0
time_predict:  1.33655162466
time_error: 0.336551624661
step :  29
seq_type_event:  [[3]
 [1]
 [1]
 [1]
 [1]
 [1]
 [1]
 [1]
 [1]
 [1]
 [1]
 [1]
 [1]
 [2]
 [1]
 [0]
 [1]]
seq_time_values:  [[ 0.]
 [ 0.]
 [ 1.]
 [ 1.]
 [ 1.]
 [ 1.]
 [ 1.]
 [ 1.]
 [ 1.]
 [ 1.]
 [ 1.]
 [ 1.]
 [ 1.]
 [ 1.]
 [ 2.]
 [ 1.]
 [ 1.]]
target_type:  1
type_predict:  1
prob_over_seq_over_type:  [[[ 0.32692613  0.28440581  0.38866806]]

 [[ 0.18060371  0.48704329  0.332353  ]]

 [[ 0.14819483  0.63838396  0.21342121]]

 [[ 0.17065681  0.60564302  0.22370017]]

 [[ 0.12207839  0.69590022  0.18202139]]

 [[ 0.1028847   0.73021767  0.16689763]]

 [[ 0.0884888   0.75304509  0.15846611]]

 [[ 0.07896836  0.76963712  0.15139452]]

 [[ 0.07443298  0.7806632   0.14490382]]

 [[ 0.07303174  0.78775705  0.13921121]]

 [[ 0.07321401  0.79247081  0.13431518]]

 [[ 0.07414575  0.79575268  0.13010158]]

 [[ 0.07540474  0.7981595   0.12643576]]

 [[ 0.0688373   0.62387953  0.30728317]]

 [[ 0.03376041  0.72472725  0.24151234]]

 [[ 0.34522098  0.57947292  0.07530609]]]
type_error: 0
target_time:  1.0
time_predict:  1.7014424734
time_error: 0.701442473399
step :  30
seq_type_event:  [[3]
 [2]
 [2]
 [2]
 [2]
 [2]
 [2]
 [2]
 [2]
 [2]
 [2]
 [2]
 [2]
 [2]
 [2]
 [2]
 [2]]
seq_time_values:  [[ 0.]
 [ 0.]
 [ 1.]
 [ 1.]
 [ 1.]
 [ 1.]
 [ 1.]
 [ 1.]
 [ 1.]
 [ 1.]
 [ 1.]
 [ 1.]
 [ 3.]
 [ 2.]
 [ 1.]
 [ 1.]
 [ 1.]]
target_type:  2
type_predict:  2
prob_over_seq_over_type:  [[[ 0.32698019  0.28438777  0.38863204]]

 [[ 0.14687327  0.25985432  0.59327241]]

 [[ 0.05528561  0.15311643  0.79159795]]

 [[ 0.03441056  0.11493865  0.85065079]]

 [[ 0.01959851  0.09763503  0.88276645]]

 [[ 0.01199017  0.07739676  0.91061307]]

 [[ 0.00890893  0.06366899  0.92742208]]

 [[ 0.00767628  0.05639746  0.93592626]]

 [[ 0.00705774  0.052586    0.94035626]]

 [[ 0.00671296  0.05055543  0.94273161]]

 [[ 0.00650856  0.04941587  0.94407556]]

 [[ 0.00637614  0.04870335  0.94492051]]

 [[ 0.01079794  0.02829575  0.96090631]]

 [[ 0.00706539  0.01362653  0.97930808]]

 [[ 0.01094108  0.03694449  0.95211442]]

 [[ 0.01043419  0.04167118  0.94789463]]]
type_error: 0
target_time:  1.0
time_predict:  1.94930878886
time_error: 0.949308788864
step :  31
seq_type_event:  [[3]
 [2]
 [2]
 [2]
 [2]
 [2]
 [2]
 [2]
 [2]
 [2]
 [2]
 [2]
 [2]
 [2]
 [2]
 [2]
 [2]]
seq_time_values:  [[ 0.]
 [ 0.]
 [ 1.]
 [ 1.]
 [ 1.]
 [ 1.]
 [ 1.]
 [ 1.]
 [ 1.]
 [ 1.]
 [ 2.]
 [ 1.]
 [ 1.]
 [ 1.]
 [ 1.]
 [ 1.]
 [ 1.]]
target_type:  2
type_predict:  2
prob_over_seq_over_type:  [[[ 0.32676208  0.28445965  0.38877826]]

 [[ 0.13016156  0.23147989  0.63835855]]

 [[ 0.05141056  0.15129741  0.79729203]]

 [[ 0.0303442   0.10531878  0.86433703]]

 [[ 0.01670532  0.08415268  0.899142  ]]

 [[ 0.01031421  0.06609585  0.92358994]]

 [[ 0.00770799  0.0546428   0.93764922]]

 [[ 0.00664785  0.0485374   0.94481475]]

 [[ 0.00610196  0.04526919  0.94862885]]

 [[ 0.00578891  0.04348079  0.9507303 ]]

 [[ 0.01379832  0.04667101  0.93953068]]

 [[ 0.00943752  0.04443906  0.94612343]]

 [[ 0.00727621  0.04328856  0.94943523]]

 [[ 0.00662091  0.04272066  0.95065843]]

 [[ 0.00639746  0.04273504  0.9508675 ]]

 [[ 0.00622572  0.04258867  0.95118561]]]
type_error: 0
target_time:  1.0
time_predict:  1.12389188582
time_error: 0.123891885815
step :  32
seq_type_event:  [[3]
 [1]
 [1]
 [1]
 [1]
 [2]
 [1]
 [1]
 [1]
 [1]
 [2]
 [1]
 [2]
 [2]
 [1]
 [1]
 [1]]
seq_time_values:  [[ 0.]
 [ 0.]
 [ 1.]
 [ 1.]
 [ 1.]
 [ 1.]
 [ 1.]
 [ 2.]
 [ 1.]
 [ 1.]
 [ 1.]
 [ 1.]
 [ 1.]
 [ 1.]
 [ 1.]
 [ 1.]
 [ 1.]]
target_type:  1
type_predict:  1
prob_over_seq_over_type:  [[[ 0.32683891  0.28443386  0.38872723]]

 [[ 0.19777259  0.46578937  0.33643804]]

 [[ 0.13723046  0.66729925  0.19547029]]

 [[ 0.16219073  0.63759004  0.20021923]]

 [[ 0.11075918  0.72899592  0.16024491]]

 [[ 0.09640904  0.56385658  0.33973438]]

 [[ 0.04523863  0.69037515  0.26438623]]

 [[ 0.07018088  0.74547643  0.18434269]]

 [[ 0.05692638  0.80477006  0.13830355]]

 [[ 0.06312417  0.81163502  0.1252408 ]]

 [[ 0.07230954  0.61874411  0.30894636]]

 [[ 0.04285019  0.72021544  0.23693437]]

 [[ 0.07543574  0.54101099  0.38355328]]

 [[ 0.05221864  0.39163064  0.55615072]]

 [[ 0.03599814  0.5532352   0.41076666]]

 [[ 0.04311953  0.70758294  0.24929752]]]
type_error: 0
target_time:  1.0
time_predict:  1.05366508456
time_error: 0.0536650845626
step :  33
seq_type_event:  [[3]
 [2]
 [2]
 [2]
 [2]
 [2]
 [2]
 [2]
 [1]
 [2]
 [2]
 [0]
 [1]
 [0]
 [1]
 [1]
 [0]]
seq_time_values:  [[ 0.]
 [ 0.]
 [ 5.]
 [ 3.]
 [ 1.]
 [ 3.]
 [ 2.]
 [ 5.]
 [ 3.]
 [ 2.]
 [ 1.]
 [ 3.]
 [ 1.]
 [ 1.]
 [ 1.]
 [ 1.]
 [ 1.]]
target_type:  0
type_predict:  1
prob_over_seq_over_type:  [[[ 0.32702027  0.28437496  0.38860477]]

 [[ 0.11839783  0.21720801  0.66439416]]

 [[ 0.12581276  0.13763235  0.73655488]]

 [[ 0.08400859  0.09999328  0.81599812]]

 [[ 0.03744073  0.09748253  0.86507674]]

 [[ 0.02257614  0.05267516  0.9247487 ]]

 [[ 0.00777696  0.03709321  0.95512983]]

 [[ 0.02144093  0.05081873  0.92774034]]

 [[ 0.01888018  0.09990549  0.88121434]]

 [[ 0.01026898  0.07015489  0.91957612]]

 [[ 0.00719162  0.07574381  0.91706457]]

 [[ 0.16002708  0.14461846  0.69535446]]

 [[ 0.12337837  0.3285424   0.54807923]]

 [[ 0.26900733  0.28267363  0.44831904]]

 [[ 0.17884407  0.39471601  0.42643993]]

 [[ 0.13087593  0.46186405  0.40726002]]]
type_error: 1
target_time:  1.0
time_predict:  1.2432152284
time_error: 0.243215228399
step :  34
seq_type_event:  [[3]
 [2]
 [2]
 [2]
 [2]
 [2]
 [2]
 [2]
 [2]
 [2]
 [2]
 [2]
 [2]
 [2]
 [2]
 [2]
 [2]]
seq_time_values:  [[  0.]
 [  0.]
 [  1.]
 [  1.]
 [  1.]
 [  1.]
 [  1.]
 [  3.]
 [  1.]
 [  2.]
 [  1.]
 [  1.]
 [  1.]
 [ 10.]
 [  1.]
 [  1.]
 [  5.]]
target_type:  2
type_predict:  2
prob_over_seq_over_type:  [[[ 0.32692269  0.28440696  0.38867034]]

 [[ 0.09205053  0.21057087  0.69737859]]

 [[ 0.05546466  0.15831392  0.78622142]]

 [[ 0.03252341  0.10408648  0.86339011]]

 [[ 0.01816621  0.08338767  0.89844612]]

 [[ 0.01104904  0.06613216  0.9228188 ]]

 [[ 0.00825326  0.05499293  0.93675382]]

 [[ 0.02054022  0.03803455  0.94142524]]

 [[ 0.01615517  0.04597467  0.93787017]]

 [[ 0.01958783  0.04771414  0.93269803]]

 [[ 0.01470379  0.0463641   0.93893211]]

 [[ 0.0126201   0.04675184  0.94062806]]

 [[ 0.01124653  0.04643344  0.94232003]]

 [[ 0.04756568  0.08839427  0.86404005]]

 [[ 0.01180671  0.02887289  0.9593204 ]]

 [[ 0.01338873  0.03716007  0.9494512 ]]]
type_error: 0
target_time:  5.0
time_predict:  1.44632093122
time_error: 3.55367906878
step :  35
seq_type_event:  [[3]
 [2]
 [2]
 [2]
 [2]
 [2]
 [2]
 [2]
 [2]
 [2]
 [0]
 [0]
 [0]
 [0]
 [2]
 [0]
 [1]]
seq_time_values:  [[   0.]
 [   0.]
 [ 117.]
 [  48.]
 [   3.]
 [  14.]
 [   1.]
 [  17.]
 [   3.]
 [  22.]
 [  27.]
 [   2.]
 [   8.]
 [   1.]
 [  15.]
 [  15.]
 [   1.]]
target_type:  1
type_predict:  0
prob_over_seq_over_type:  [[[ 0.32690194  0.28441351  0.38868455]]

 [[ 0.09994908  0.18216641  0.71788451]]

 [[ 0.22876938  0.18240066  0.58882996]]

