PID is : 43790
TIME is : 2022-04-10T10:36:06.270779
Model is : conttime
FileData is : ./data/galanz/data05/48
Seed is : 12345
FilePretrain is : ./tracks/track_PID=20967_TIME=2022-04-03T13:56:22.147692/model.pkl
SizeBatch is : 1
PartialPredict is : False
PruneStream is : 0
PredictFirst is: True
PredictLambda is : False
ModelGold is : None
FileGold is : None
reading and processing data ... 
initialize the data processer ... 
reading data for tag :  test
finish data processer initialization ... 
building model ... 
building controller ... 
initializing Neural Hawkes with Continuous-time LSTM ... 
train with prediction ... 
computing predictions loss of neural Hawkes with continuous-time LSTM ... 
memory efficient version ... 

['nvcc', '-shared', '-O3', '-m64', '-Xcompiler', '-DCUDA_NDARRAY_CUH=c72d035fdf91890f3b36710688069b2e,-DNPY_NO_DEPRECATED_API=NPY_1_7_API_VERSION,-fPIC,-fvisibility=hidden', '-Xlinker', '-rpath,/data1/lxt/.theano/compiledir_Linux-4.15--generic-x86_64-with-debian-stretch-sid-x86_64-2.7.13-64/cuda_ndarray', '-I/data1/lxt/anaconda3/envs/python2/lib/python2.7/site-packages/theano/sandbox/cuda', '-I/data1/lxt/anaconda3/envs/python2/lib/python2.7/site-packages/numpy/core/include', '-I/data1/lxt/anaconda3/envs/python2/include/python2.7', '-I/data1/lxt/anaconda3/envs/python2/lib/python2.7/site-packages/theano/gof', '-L/data1/lxt/anaconda3/envs/python2/lib', '-o', '/data1/lxt/.theano/compiledir_Linux-4.15--generic-x86_64-with-debian-stretch-sid-x86_64-2.7.13-64/cuda_ndarray/cuda_ndarray.so', 'mod.cu', '-lcublas', '-lpython2.7', '-lcudart']
creating Adam optimizer ... 
computing updates ... 
updates computed ! 
optimize prediction ... 
compiling training function ... 
compiling dev function ... 
model finished, comilation time is  38.0
validating for  test
step :  0
seq_type_event:  [[3]
 [1]
 [0]
 [0]
 [0]
 [2]
 [2]
 [1]]
seq_time_values:  [[ 0.]
 [ 0.]
 [ 1.]
 [ 1.]
 [ 1.]
 [ 1.]
 [ 1.]
 [ 1.]]
target_type:  1
type_predict:  2
prob_over_seq_over_type:  [[[ 0.32692205  0.28440659  0.38867136]]

 [[ 0.17062918  0.5087563   0.32061452]]

 [[ 0.44859144  0.4152916   0.13611695]]

 [[ 0.54473802  0.32324249  0.13201949]]

 [[ 0.62256338  0.272436    0.10500062]]

 [[ 0.37980663  0.25552838  0.36466499]]

 [[ 0.26401097  0.20634059  0.52964844]]]
type_error: 1
target_time:  1.0
time_predict:  0.869802125542
time_error: 0.130197874458
step :  1
seq_type_event:  [[3]
 [2]
 [0]
 [0]
 [1]
 [0]
 [1]
 [0]
 [0]
 [0]
 [0]
 [2]
 [2]
 [1]
 [0]
 [2]
 [1]
 [0]
 [2]
 [0]
 [2]
 [0]
 [1]
 [2]
 [2]
 [1]
 [0]
 [0]
 [1]
 [1]
 [2]
 [1]
 [1]
 [2]
 [1]
 [2]
 [2]
 [2]
 [2]
 [2]
 [2]
 [2]
 [1]
 [1]]
seq_time_values:  [[  0.]
 [  0.]
 [ 16.]
 [ 38.]
 [  4.]
 [  1.]
 [  3.]
 [  2.]
 [  1.]
 [  2.]
 [  8.]
 [  3.]
 [ 10.]
 [  2.]
 [  7.]
 [  3.]
 [  2.]
 [  2.]
 [ 11.]
 [  5.]
 [  1.]
 [ 12.]
 [  8.]
 [ 12.]
 [ 54.]
 [ 56.]
 [  7.]
 [  1.]
 [  5.]
 [  2.]
 [  1.]
 [  7.]
 [  2.]
 [ 11.]
 [  1.]
 [  1.]
 [  1.]
 [  2.]
 [  1.]
 [  1.]
 [  1.]
 [  1.]
 [  3.]
 [  4.]]
target_type:  1
type_predict:  2
prob_over_seq_over_type:  [[[ 0.3269351   0.28440261  0.38866229]]

 [[ 0.12649805  0.24379113  0.62971082]]

 [[ 0.41676352  0.22860282  0.35463365]]

 [[ 0.46179913  0.2154232   0.32277767]]

 [[ 0.34490204  0.3170138   0.33808416]]

 [[ 0.52416876  0.24549381  0.23033743]]

 [[ 0.30722963  0.36380867  0.32896171]]

 [[ 0.47512912  0.29089771  0.23397317]]

 [[ 0.72745599  0.18174468  0.09079933]]

 [[ 0.71404473  0.16417709  0.12177818]]

 [[ 0.59341044  0.1786751   0.22791446]]

 [[ 0.37106423  0.20402728  0.42490849]]

 [[ 0.30848795  0.20331647  0.48819558]]

 [[ 0.32171873  0.31484266  0.36343861]]

 [[ 0.45040022  0.2425603   0.30703949]]

 [[ 0.27168816  0.21049383  0.51781801]]

 [[ 0.26577376  0.30755524  0.426671  ]]

 [[ 0.48355999  0.25016817  0.26627183]]

 [[ 0.26966712  0.23850967  0.49182322]]

 [[ 0.49036679  0.21739573  0.29223749]]

 [[ 0.3402866   0.2319639   0.4277495 ]]

 [[ 0.48678426  0.20163103  0.31158471]]

 [[ 0.36587766  0.29445487  0.33966747]]

 [[ 0.29714064  0.24932258  0.45353678]]

 [[ 0.29201072  0.21872998  0.4892593 ]]

 [[ 0.3230499   0.31872501  0.35822509]]

 [[ 0.44413519  0.24857642  0.30728839]]

 [[ 0.60050246  0.19878567  0.20071187]]

 [[ 0.34480043  0.32694356  0.32825601]]

 [[ 0.28272825  0.50184741  0.21542434]]

 [[ 0.26076994  0.39892239  0.34030767]]

 [[ 0.22011427  0.46736948  0.31251625]]

 [[ 0.15494593  0.63069821  0.21435587]]

 [[ 0.22039654  0.37087659  0.40872687]]

 [[ 0.22786402  0.58816765  0.18396832]]

 [[ 0.20530595  0.42703044  0.36766361]]

 [[ 0.18623377  0.34031773  0.47344851]]

 [[ 0.18182102  0.29165699  0.52652199]]

 [[ 0.16797713  0.25739964  0.57462323]]

 [[ 0.14472445  0.23386157  0.62141398]]

 [[ 0.1162787   0.21409526  0.66962604]]

 [[ 0.08925166  0.19819916  0.71254918]]

 [[ 0.16101087  0.30545137  0.53353776]]]
type_error: 1
target_time:  4.0
time_predict:  1.73762168703
time_error: 2.26237831297
step :  2
seq_type_event:  [[3]
 [1]
 [2]
 [2]
 [2]
 [2]
 [2]
 [2]
 [2]
 [2]
 [2]
 [2]
 [2]
 [2]
 [2]
 [2]
 [2]
 [2]
 [2]
 [2]
 [2]
 [2]
 [2]
 [2]
 [2]
 [2]
 [2]
 [2]
 [2]
 [2]
 [2]
 [2]
 [2]
 [2]
 [2]
 [2]
 [2]
 [2]
 [2]
 [1]
 [1]
 [2]
 [2]
 [2]
 [2]
 [2]]
seq_time_values:  [[ 0.]
 [ 0.]
 [ 1.]
 [ 1.]
 [ 1.]
 [ 1.]
 [ 1.]
 [ 1.]
 [ 1.]
 [ 1.]
 [ 1.]
 [ 1.]
 [ 1.]
 [ 1.]
 [ 1.]
 [ 1.]
 [ 1.]
 [ 1.]
 [ 1.]
 [ 1.]
 [ 1.]
 [ 1.]
 [ 1.]
 [ 1.]
 [ 1.]
 [ 1.]
 [ 1.]
 [ 1.]
 [ 1.]
 [ 1.]
 [ 1.]
 [ 1.]
 [ 1.]
 [ 1.]
 [ 1.]
 [ 1.]
 [ 1.]
 [ 1.]
 [ 1.]
 [ 1.]
 [ 1.]
 [ 1.]
 [ 1.]
 [ 1.]
 [ 1.]
 [ 1.]]
target_type:  2
type_predict:  2
prob_over_seq_over_type:  [[[ 0.32693515  0.2844024   0.38866245]]

 [[ 0.15980175  0.52964615  0.3105521 ]]

 [[ 0.22320241  0.40629073  0.37050686]]

 [[ 0.12342901  0.30517473  0.57139626]]

 [[ 0.05904044  0.25235726  0.6886023 ]]

 [[ 0.0431392   0.22389574  0.73296506]]

 [[ 0.03825286  0.20276597  0.75898116]]

 [[ 0.03834061  0.18820348  0.7734559 ]]

 [[ 0.0405118   0.17799551  0.78149269]]

 [[ 0.04307265  0.16985734  0.78707001]]

 [[ 0.04520988  0.1626523   0.79213782]]

 [[ 0.04660221  0.15580479  0.797593  ]]

 [[ 0.04718021  0.14901453  0.80380526]]

 [[ 0.04699478  0.14214539  0.81085983]]

 [[ 0.04614845  0.13516541  0.81868615]]

 [[ 0.0447629   0.12811356  0.82712354]]

 [[ 0.04296541  0.12107989  0.83595471]]

 [[ 0.04088276  0.11418889  0.84492835]]

 [[ 0.03863677  0.10758096  0.85378227]]

 [[ 0.03633875  0.10139168  0.86226957]]

 [[ 0.03408334  0.09573206  0.8701846 ]]

 [[ 0.03194312  0.09067414  0.87738275]]

 [[ 0.02996608  0.08624523  0.88378869]]

 [[ 0.02817674  0.08243113  0.88939213]]

 [[ 0.02658031  0.07918581  0.89423387]]

 [[ 0.02516842  0.07644382  0.89838776]]

 [[ 0.02392467  0.07413186  0.90194347]]

 [[ 0.02282912  0.07217759  0.90499329]]

 [[ 0.0218613   0.07051509  0.90762361]]

 [[ 0.02100203  0.0690874   0.90991057]]

 [[ 0.02023425  0.0678472   0.91191856]]

 [[ 0.01954328  0.06675615  0.91370057]]

 [[ 0.01891678  0.0657838   0.91529942]]

 [[ 0.01834451  0.0649062   0.91674929]]

 [[ 0.01781805  0.06410471  0.91807724]]

 [[ 0.01733053  0.06336485  0.91930462]]

 [[ 0.01687634  0.06267543  0.92044823]]

 [[ 0.01645093  0.06202776  0.92152131]]

 [[ 0.01605059  0.0614151   0.92253431]]

 [[ 0.03876714  0.29119432  0.67003854]]

 [[ 0.0260762   0.41925178  0.55467202]]

 [[ 0.02449592  0.29691221  0.67859187]]

 [[ 0.02222772  0.23299369  0.74477859]]

 [[ 0.02476552  0.2099438   0.76529068]]

 [[ 0.03137413  0.20116429  0.76746158]]]
type_error: 0
target_time:  1.0
time_predict:  0.987279302006
time_error: 0.0127206979942
step :  3
seq_type_event:  [[3]
 [0]
 [0]
 [2]
 [2]
 [0]
 [2]
 [0]
 [2]
 [0]
 [2]
 [2]
 [2]
 [2]
 [0]
 [0]
 [0]
 [0]
 [2]
 [0]
 [0]
 [0]
 [1]
 [0]
 [0]
 [1]
 [2]
 [0]
 [0]
 [0]
 [0]
 [0]
 [0]
 [0]
 [0]
 [0]
 [0]
 [0]
 [0]
 [0]
 [0]
 [0]
 [0]
 [0]
 [0]
 [0]
 [0]
 [0]
 [0]]
seq_time_values:  [[  0.]
 [  0.]
 [  1.]
 [  1.]
 [  1.]
 [  1.]
 [  1.]
 [  1.]
 [  1.]
 [  1.]
 [  1.]
 [  1.]
 [  1.]
 [  1.]
 [ 14.]
 [  1.]
 [  2.]
 [  1.]
 [  1.]
 [  1.]
 [  1.]
 [  1.]
 [  1.]
 [  1.]
 [  1.]
 [  1.]
 [  1.]
 [  1.]
 [  1.]
 [  2.]
 [  1.]
 [  1.]
 [  1.]
 [  1.]
 [  1.]
 [  1.]
 [  1.]
 [  1.]
 [  1.]
 [  1.]
 [  1.]
 [  1.]
 [  1.]
 [  1.]
 [  1.]
 [  1.]
 [  1.]
 [  1.]
 [  1.]]
target_type:  0
type_predict:  0
prob_over_seq_over_type:  [[[ 0.32692852  0.28440491  0.38866657]]

 [[ 0.74024941  0.16071813  0.09903246]]

 [[ 0.89429128  0.08134866  0.02436006]]

 [[ 0.43036759  0.17029498  0.39933743]]

 [[ 0.2598364   0.17744752  0.56271608]]

 [[ 0.57293639  0.21322189  0.21384172]]

 [[ 0.35060623  0.19429371  0.45510007]]

 [[ 0.58298481  0.21702924  0.19998595]]

 [[ 0.36092869  0.18283716  0.45623415]]

 [[ 0.57144105  0.21487568  0.21368326]]

 [[ 0.35882178  0.17662169  0.46455653]]

 [[ 0.20949281  0.12852857  0.66197862]]

 [[ 0.11569647  0.09590337  0.78840016]]

 [[ 0.06818801  0.07782253  0.85398946]]

 [[ 0.46384454  0.20751635  0.32863911]]

 [[ 0.7521551   0.14712965  0.10071525]]

 [[ 0.70122557  0.1605997   0.13817473]]

 [[ 0.7081147   0.16399187  0.12789343]]

 [[ 0.46062735  0.19943094  0.33994171]]

 [[ 0.67091847  0.17443447  0.15464707]]

 [[ 0.69241797  0.17792418  0.12965784]]

 [[ 0.7073715   0.18152184  0.11110666]]

 [[ 0.54856949  0.32010248  0.13132802]]

 [[ 0.67425267  0.2451126   0.08063473]]

 [[ 0.69634516  0.22714349  0.07651134]]

 [[ 0.55660463  0.33049549  0.11289987]]

 [[ 0.49262315  0.28287786  0.22449899]]

 [[ 0.64939934  0.25843598  0.09216468]]

 [[ 0.67896953  0.24366738  0.07736309]]

 [[ 0.72522955  0.19375221  0.08101824]]

 [[ 0.72525821  0.19034532  0.08439647]]

 [[ 0.73180445  0.18820468  0.07999087]]

 [[ 0.73932324  0.18414866  0.0765281 ]]

 [[ 0.74555135  0.18066136  0.07378729]]

 [[ 0.75165213  0.17711076  0.07123711]]

 [[ 0.75805126  0.17320368  0.06874505]]

 [[ 0.76518135  0.16862733  0.06619133]]

 [[ 0.773463    0.16308113  0.06345587]]

 [[ 0.78324497  0.15632668  0.06042835]]

 [[ 0.79475121  0.14823593  0.05701286]]

 [[ 0.80800843  0.13884029  0.05315128]]

 [[ 0.82277582  0.12835631  0.04886787]]

 [[ 0.83857717  0.11717239  0.04425045]]

 [[ 0.8548171   0.10578096  0.03940195]]

 [[ 0.87081716  0.09465801  0.03452483]]

 [[ 0.88600394  0.08419455  0.02980151]]

 [[ 0.90005306  0.07466215  0.02528478]]

 [[ 0.9127596   0.06619325  0.02104716]]]
type_error: 0
target_time:  1.0
time_predict:  0.898561037617
time_error: 0.101438962383
step :  4
seq_type_event:  [[3]
 [0]
 [0]
 [0]
 [0]
 [0]
 [0]
 [0]
 [0]
 [0]
 [0]
 [0]
 [0]
 [0]
 [0]
 [0]
 [0]
 [0]
 [0]
 [0]
 [0]
 [0]
 [0]
 [0]
 [0]
 [0]
 [0]
 [0]
 [0]
 [0]
 [0]
 [0]
 [0]
 [0]
 [0]
 [0]
 [0]
 [0]
 [0]
 [0]
 [0]
 [0]
 [0]
 [0]
 [0]
 [0]
 [0]
 [0]
 [0]]
seq_time_values:  [[ 0.]
 [ 0.]
 [ 1.]
 [ 1.]
 [ 1.]
 [ 1.]
 [ 1.]
 [ 1.]
 [ 2.]
 [ 1.]
 [ 1.]
 [ 1.]
 [ 1.]
 [ 3.]
 [ 1.]
 [ 1.]
 [ 1.]
 [ 1.]
 [ 1.]
 [ 1.]
 [ 1.]
 [ 1.]
 [ 1.]
 [ 3.]
 [ 2.]
 [ 2.]
 [ 1.]
 [ 2.]
 [ 1.]
 [ 1.]
 [ 1.]
 [ 1.]
 [ 1.]
 [ 1.]
 [ 1.]
 [ 1.]
 [ 2.]
 [ 1.]
 [ 1.]
 [ 1.]
 [ 1.]
 [ 1.]
 [ 1.]
 [ 1.]
 [ 1.]
 [ 1.]
 [ 1.]
 [ 2.]
 [ 1.]]
target_type:  0
type_predict:  0
prob_over_seq_over_type:  [[[ 0.32691912  0.28440761  0.38867328]]

 [[ 0.78344173  0.12093891  0.09561936]]

 [[ 0.90178339  0.07435787  0.02385873]]

 [[ 0.91482396  0.05432199  0.03085405]]

 [[ 0.90770779  0.06704268  0.02524953]]

 [[ 0.92404211  0.05835243  0.01760546]]

 [[ 0.9377067   0.04937353  0.01291977]]

 [[ 0.94658879  0.04325314  0.01015807]]

 [[ 0.96437215  0.02506597  0.01056188]]

 [[ 0.95358506  0.03468275  0.01173219]]

 [[ 0.95571426  0.03519229  0.00909346]]

 [[ 0.95999945  0.03304208  0.00695847]]

 [[ 0.96292659  0.03141822  0.00565519]]

 [[ 0.97826536  0.01500349  0.00673115]]

 [[ 0.96733887  0.0229837   0.00967743]]

 [[ 0.96661022  0.02636714  0.00702264]]

 [[ 0.96377356  0.03004592  0.00618052]]

 [[ 0.96559339  0.02946958  0.00493703]]

 [[ 0.96714301  0.02867852  0.00417848]]

 [[ 0.96829251  0.02803011  0.00367739]]

 [[ 0.96922324  0.02746478  0.00331198]]

 [[ 0.97004155  0.02693757  0.00302088]]

 [[ 0.97079231  0.02643246  0.00277523]]

 [[ 0.98257823  0.01237284  0.00504893]]

 [[ 0.9724484   0.02031633  0.00723527]]

 [[ 0.96488878  0.02565257  0.00945865]]

 [[ 0.97464323  0.01918285  0.00617392]]

 [[ 0.96320246  0.02659225  0.01020529]]

 [[ 0.97543545  0.01929653  0.00526802]]

 [[ 0.97589556  0.02065684  0.0034476 ]]

 [[ 0.96550529  0.02939393  0.00510077]]

 [[ 0.95526318  0.03734338  0.00739345]]

 [[ 0.95078731  0.04084492  0.00836777]]

 [[ 0.94932743  0.04203692  0.00863565]]

 [[ 0.94897391  0.04238105  0.00864504]]

 [[ 0.94912866  0.04233146  0.00853988]]

 [[ 0.96397933  0.02724219  0.00877848]]

 [[ 0.95462945  0.03530191  0.01006865]]

 [[ 0.9501182   0.04020275  0.00967905]]

 [[ 0.94969586  0.041224    0.00908014]]

 [[ 0.95041364  0.04104297  0.00854339]]

 [[ 0.95127674  0.04059688  0.00812639]]

 [[ 0.95218536  0.040044    0.00777065]]

 [[ 0.95313298  0.03942338  0.00744365]]

 [[ 0.95412176  0.03875012  0.00712812]]

 [[ 0.95515044  0.03803413  0.00681543]]

 [[ 0.95621314  0.03728492  0.00650194]]

 [[ 0.96961397  0.02320773  0.0071783 ]]]
type_error: 0
target_time:  1.0
time_predict:  1.15893419147
time_error: 0.158934191473
step :  5
seq_type_event:  [[3]
 [0]
 [0]
 [0]
 [0]
 [2]
 [1]
 [1]
 [1]
 [0]
 [0]
 [0]
 [1]
 [1]
 [1]
 [2]
 [1]
 [1]
 [1]
 [1]
 [2]
 [2]
 [2]
 [1]
 [0]
 [0]
 [0]
 [0]
 [0]
 [0]
 [0]
 [0]
 [0]
 [0]
 [0]
 [0]
 [0]
 [0]
 [0]
 [0]
 [0]
 [0]
 [0]
 [0]
 [0]
 [0]
 [0]
 [0]
 [0]]
seq_time_values:  [[ 0.]
 [ 0.]
 [ 1.]
 [ 1.]
 [ 1.]
 [ 1.]
 [ 1.]
 [ 1.]
 [ 1.]
 [ 1.]
 [ 1.]
 [ 1.]
 [ 1.]
 [ 1.]
 [ 1.]
 [ 1.]
 [ 1.]
 [ 1.]
 [ 1.]
 [ 1.]
 [ 1.]
 [ 1.]
 [ 1.]
 [ 1.]
 [ 1.]
 [ 1.]
 [ 1.]
 [ 1.]
 [ 1.]
 [ 1.]
 [ 1.]
 [ 1.]
 [ 1.]
 [ 1.]
 [ 1.]
 [ 1.]
 [ 1.]
 [ 1.]
 [ 1.]
 [ 1.]
 [ 1.]
 [ 2.]
 [ 1.]
 [ 1.]
 [ 1.]
 [ 1.]
 [ 1.]
 [ 1.]
 [ 1.]]
target_type:  0
type_predict:  0
prob_over_seq_over_type:  [[[ 0.32700638  0.28437945  0.38861417]]

 [[ 0.73600514  0.15350343  0.11049143]]

 [[ 0.89489211  0.08452222  0.02058567]]

 [[ 0.90532946  0.05885767  0.03581287]]

 [[ 0.90082158  0.06822438  0.03095405]]

 [[ 0.5225335   0.16719195  0.31027455]]

 [[ 0.44857604  0.36086145  0.19056251]]

 [[ 0.42470301  0.43499085  0.14030614]]

 [[ 0.37928217  0.47928068  0.14143715]]

 [[ 0.55591434  0.36405041  0.08003525]]

 [[ 0.61137822  0.3155574   0.07306438]]

 [[ 0.65050716  0.27547283  0.07402001]]

 [[ 0.49538375  0.3853049   0.11931136]]

 [[ 0.46469801  0.43928653  0.09601546]]

 [[ 0.42070958  0.47558832  0.10370209]]

 [[ 0.34643431  0.36804702  0.28551867]]

 [[ 0.31587938  0.45080907  0.23331155]]

 [[ 0.2954886   0.50658832  0.19792308]]

 [[ 0.26932146  0.52739691  0.20328163]]

 [[ 0.24779183  0.53940721  0.21280096]]

 [[ 0.20252341  0.39753852  0.39993807]]

 [[ 0.12784241  0.31140905  0.56074854]]

 [[ 0.08818278  0.27395043  0.63786679]]

 [[ 0.08865075  0.39361913  0.51773012]]

 [[ 0.42301895  0.38338706  0.19359399]]

 [[ 0.53002709  0.33751477  0.13245814]]

 [[ 0.59374996  0.30285395  0.10339609]]

 [[ 0.63970659  0.26690974  0.09338367]]

 [[ 0.66998759  0.23933993  0.09067247]]

 [[ 0.68990155  0.2210367   0.08906174]]

 [[ 0.70382316  0.20915252  0.08702432]]

 [[ 0.71442198  0.20094908  0.08462894]]

 [[ 0.72307118  0.19482816  0.08210067]]

 [[ 0.73055473  0.18989251  0.07955275]]

 [[ 0.73740466  0.18558316  0.07701218]]

 [[ 0.74405945  0.18148932  0.07445122]]

 [[ 0.75093818  0.17725838  0.07180344]]

 [[ 0.75846394  0.17255993  0.06897613]]

 [[ 0.76705193  0.1670829   0.06586518]]

 [[ 0.77706768  0.16055791  0.06237442]]

 [[ 0.78875862  0.15280221  0.05843917]]

 [[ 0.82607033  0.12436472  0.04956494]]

 [[ 0.8229445   0.12542748  0.05162802]]

 [[ 0.83529929  0.1192639   0.04543681]]

 [[ 0.85132537  0.10910627  0.03956836]]

 [[ 0.86678874  0.09876832  0.03444294]]

 [[ 0.88191953  0.08844905  0.02963143]]

 [[ 0.89620552  0.07862627  0.02516821]]]
type_error: 0
target_time:  1.0
time_predict:  1.03889755362
time_error: 0.0388975536187
step :  6
seq_type_event:  [[3]
 [0]
 [0]
 [2]
 [1]
 [1]
 [2]
 [1]
 [0]
 [0]
 [1]
 [0]
 [2]
 [0]
 [2]
 [0]
 [1]
 [0]
 [0]
 [0]
 [1]
 [1]
 [1]
 [0]
 [2]
 [0]
 [1]
 [2]
 [0]
 [1]
 [1]
 [1]
 [0]
 [2]
 [1]
 [0]
 [0]
 [0]
 [1]
 [0]
 [1]
 [0]
 [0]
 [0]
 [0]
 [0]
 [0]
 [0]
 [1]]
seq_time_values:  [[ 0.]
 [ 0.]
 [ 1.]
 [ 1.]
 [ 1.]
 [ 1.]
 [ 1.]
 [ 1.]
 [ 1.]
 [ 1.]
 [ 1.]
 [ 1.]
 [ 1.]
 [ 1.]
 [ 1.]
 [ 1.]
 [ 1.]
 [ 1.]
 [ 1.]
 [ 1.]
 [ 1.]
 [ 1.]
 [ 2.]
 [ 1.]
 [ 1.]
 [ 1.]
 [ 1.]
 [ 2.]
 [ 2.]
 [ 1.]
 [ 1.]
 [ 1.]
 [ 2.]
 [ 1.]
 [ 1.]
 [ 1.]
 [ 1.]
 [ 2.]
 [ 1.]
 [ 1.]
 [ 1.]
 [ 2.]
 [ 2.]
 [ 2.]
 [ 1.]
 [ 4.]
 [ 3.]
 [ 1.]
 [ 3.]]
target_type:  1
type_predict:  0
prob_over_seq_over_type:  [[[ 0.32696401  0.28439323  0.38864276]]

 [[ 0.7719783   0.13145855  0.09656315]]

 [[ 0.88184618  0.08940079  0.02875303]]

 [[ 0.43422992  0.17272497  0.39304511]]

 [[ 0.33955621  0.36897696  0.29146683]]

 [[ 0.34104488  0.46221688  0.19673824]]

 [[ 0.27331305  0.36818818  0.35849877]]

 [[ 0.20904324  0.45673046  0.3342263 ]]

 [[ 0.49003106  0.38519517  0.12477377]]

 [[ 0.57299713  0.33485242  0.09215045]]

 [[ 0.4302522   0.42478287  0.14496494]]

 [[ 0.58085931  0.34153972  0.07760097]]

 [[ 0.38033745  0.28113638  0.33852618]]

 [[ 0.58355513  0.29393487  0.12251   ]]

 [[ 0.39128982  0.25103778  0.35767239]]

 [[ 0.59726965  0.25932364  0.14340671]]

 [[ 0.45512435  0.37877722  0.16609843]]

 [[ 0.61147643  0.30420652  0.08431705]]

 [[ 0.66147497  0.2662201   0.07230493]]

 [[ 0.6931075   0.23624751  0.07064498]]

 [[ 0.51815934  0.35656835  0.12527231]]

 [[ 0.47926809  0.42049604  0.10023587]]

 [[ 0.42299434  0.46849802  0.10850764]]

 [[ 0.58300824  0.34403103  0.07296073]]

 [[ 0.3850787   0.28021532  0.33470598]]

 [[ 0.59718774  0.29042021  0.11239205]]

 [[ 0.46959147  0.3968926   0.13351593]]

 [[ 0.3677648   0.32315482  0.30908038]]

 [[ 0.59049178  0.27838445  0.13112376]]

 [[ 0.45328876  0.38300873  0.16370251]]

 [[ 0.410317    0.44372074  0.14596226]]

 [[ 0.35919294  0.48246935  0.15833771]]

 [[ 0.54895554  0.36357257  0.08747189]]

 [[ 0.35020952  0.28501912  0.36477135]]

 [[ 0.32160475  0.39185704  0.28653821]]

 [[ 0.54204655  0.34863829  0.10931516]]

 [[ 0.60956102  0.30615442  0.08428456]]

 [[ 0.67451934  0.2399694   0.08551126]]

 [[ 0.50296255  0.36450905  0.13252839]]

 [[ 0.6368814   0.29275041  0.07036819]]

 [[ 0.5028609   0.38128661  0.11585249]]

 [[ 0.65402788  0.2837893   0.06218282]]

 [[ 0.69983964  0.22602553  0.07413483]]

 [[ 0.73514752  0.18242888  0.0824236 ]]

 [[ 0.73570025  0.18318026  0.08111949]]

 [[ 0.75718867  0.16320171  0.07960962]]

 [[ 0.77793555  0.14490974  0.07715471]]

 [[ 0.73487071  0.18148037  0.08364892]]]
type_error: 1
target_time:  3.0
time_predict:  2.09206240973
time_error: 0.90793759027
step :  7
seq_type_event:  [[3]
 [2]
 [1]
 [1]
 [1]
 [1]
 [1]
 [1]
 [1]
 [1]
 [1]
 [0]
 [1]
 [0]
 [1]
 [2]
 [2]
 [1]
 [2]
 [1]
 [1]
 [1]
 [1]
 [1]
 [0]
 [2]
 [2]
 [2]
 [1]
 [2]
 [2]
 [2]
 [1]
 [1]
 [1]
 [1]
 [1]
 [1]
 [1]
 [1]
 [1]
 [1]
 [1]
 [1]
 [1]
 [2]
 [2]
 [1]
 [1]]
seq_time_values:  [[ 0.]
 [ 0.]
 [ 1.]
 [ 1.]
 [ 1.]
 [ 1.]
 [ 1.]
 [ 1.]
 [ 8.]
 [ 2.]
 [ 7.]
 [ 1.]
 [ 2.]
 [ 2.]
 [ 2.]
 [ 1.]
 [ 2.]
 [ 2.]
 [ 1.]
 [ 1.]
 [ 1.]
 [ 1.]
 [ 1.]
 [ 1.]
 [ 2.]
 [ 1.]
 [ 1.]
 [ 2.]
 [ 2.]
 [ 1.]
 [ 1.]
 [ 2.]
 [ 1.]
 [ 1.]
 [ 1.]
 [ 1.]
 [ 1.]
 [ 1.]
 [ 1.]
 [ 1.]
 [ 1.]
 [ 1.]
 [ 2.]
 [ 1.]
 [ 1.]
 [ 1.]
 [ 1.]
 [ 2.]
 [ 2.]]
target_type:  1
type_predict:  1
prob_over_seq_over_type:  [[[ 0.32684397  0.28443335  0.38872268]]

 [[ 0.12290028  0.24076361  0.63633611]]

 [[ 0.11299612  0.3824112   0.50459268]]

 [[ 0.10456334  0.4759506   0.41948606]]

 [[ 0.07833955  0.54612452  0.37553593]]

 [[ 0.05978644  0.60442521  0.33578834]]

 [[ 0.04560278  0.65430702  0.3000902 ]]

 [[ 0.03713014  0.6924744   0.27039545]]

 [[ 0.05334073  0.74339979  0.20325948]]

 [[ 0.06384941  0.76109287  0.17505772]]

 [[ 0.12042441  0.64180703  0.23776856]]

 [[ 0.38849086  0.55124735  0.06026179]]

 [[ 0.2037151   0.64267817  0.15360673]]

 [[ 0.33310395  0.55268311  0.11421293]]

 [[ 0.23352927  0.62037586  0.14609487]]

 [[ 0.19885554  0.55385181  0.24729265]]

 [[ 0.16729557  0.43908853  0.39361589]]

 [[ 0.16204002  0.50422665  0.33373333]]

 [[ 0.15694662  0.42992054  0.41313284]]

 [[ 0.12811656  0.52026784  0.3516156 ]]

 [[ 0.10730082  0.60417192  0.28852726]]

 [[ 0.07929918  0.67370265  0.24699817]]

 [[ 0.06717763  0.71905209  0.21377028]]

 [[ 0.06050464  0.75549056  0.1840048 ]]

 [[ 0.3054918   0.54681872  0.14768948]]

 [[ 0.18618752  0.42320569  0.39060679]]

 [[ 0.12172516  0.33849192  0.53978292]]

 [[ 0.11116042  0.2787886   0.61005098]]

 [[ 0.14661956  0.40800988  0.44537056]]

 [[ 0.11437588  0.33053907  0.55508505]]

 [[ 0.07846907  0.27843477  0.64309616]]

 [[ 0.09080427  0.25097434  0.65822139]]

 [[ 0.07887589  0.38302594  0.53809817]]

 [[ 0.09278784  0.48184022  0.42537194]]

 [[ 0.08748206  0.5401269   0.37239103]]

 [[ 0.08476461  0.58938386  0.32585153]]

 [[ 0.08692774  0.61827863  0.29479363]]

 [[ 0.09110881  0.62912084  0.27977034]]

 [[ 0.09300693  0.63499661  0.27199646]]

 [[ 0.09200404  0.64367806  0.2643179 ]]

 [[ 0.08929949  0.6560486   0.25465191]]

 [[ 0.08604128  0.67091423  0.2430445 ]]

 [[ 0.08651816  0.69103983  0.22244201]]

 [[ 0.07870764  0.72807019  0.19322217]]

 [[ 0.08428258  0.73783506  0.17788236]]

 [[ 0.09491039  0.56067676  0.34441285]]

 [[ 0.07730264  0.42454501  0.49815235]]

 [[ 0.07610243  0.54949488  0.37440268]]]
type_error: 0
target_time:  2.0
time_predict:  1.10769063603
time_error: 0.892309363966
step :  8
seq_type_event:  [[3]
 [2]
 [2]
 [2]
 [2]
 [2]
 [2]
 [2]
 [2]
 [2]
 [2]
 [2]
 [2]
 [2]
 [2]
 [2]
 [2]
 [2]
 [2]
 [2]
 [1]
 [2]
 [1]
 [2]
 [1]
 [1]
 [2]
 [2]
 [2]
 [2]
 [2]
 [2]
 [1]
 [1]
 [1]
 [2]
 [2]
 [2]
 [1]
 [2]
 [2]
 [2]
 [1]
 [2]
 [2]
 [2]
 [2]
 [2]
 [2]]
seq_time_values:  [[  0.]
 [  0.]
 [  1.]
 [  1.]
 [  1.]
 [  1.]
 [  2.]
 [  1.]
 [  3.]
 [  1.]
 [  1.]
 [  1.]
 [  1.]
 [  4.]
 [  1.]
 [  1.]
 [  1.]
 [  1.]
 [  3.]
 [  1.]
 [  1.]
 [  1.]
 [  1.]
 [  3.]
 [  5.]
 [  1.]
 [  1.]
 [  1.]
 [  1.]
 [  1.]
 [  4.]
 [  1.]
 [  1.]
 [  7.]
 [ 15.]
 [ 19.]
 [  2.]
 [  1.]
 [  7.]
 [ 18.]
 [  1.]
 [  4.]
 [  5.]
 [  4.]
 [  2.]
 [  1.]
 [  5.]
 [  2.]
 [  1.]]
target_type:  2
type_predict:  2
prob_over_seq_over_type:  [[[ 0.32702863  0.28437241  0.38859896]]

 [[ 0.14752031  0.23529933  0.61718036]]

 [[ 0.04956856  0.1423371   0.80809435]]

 [[ 0.02635969  0.09352221  0.8801181 ]]

 [[ 0.01453526  0.07712551  0.90833923]]

 [[ 0.0091249   0.06144044  0.92943466]]

 [[ 0.01472933  0.047322    0.93794867]]

 [[ 0.01017553  0.04230921  0.94751526]]

 [[ 0.03339193  0.05814506  0.90846301]]

 [[ 0.01590479  0.03805493  0.94604028]]

 [[ 0.0107255   0.03639339  0.95288111]]

 [[ 0.00907761  0.03666153  0.95426086]]

 [[ 0.00833375  0.03812245  0.9535438 ]]

 [[ 0.04270064  0.06572592  0.89157343]]

 [[ 0.01459238  0.03127614  0.95413149]]

 [[ 0.01108638  0.03340012  0.9555135 ]]

 [[ 0.01043955  0.035708    0.95385244]]

 [[ 0.01053149  0.03863848  0.95083003]]

 [[ 0.02917305  0.05240833  0.91841862]]

 [[ 0.01680182  0.04014681  0.94305137]]

 [[ 0.02503458  0.14245053  0.83251488]]

 [[ 0.01999997  0.07253164  0.90746839]]

 [[ 0.0456278   0.24853433  0.70583787]]

 [[ 0.10230856  0.16953061  0.72816083]]

 [[ 0.08663658  0.25316148  0.66020194]]

 [[ 0.09500197  0.31323365  0.59176438]]

 [[ 0.06176491  0.19988671  0.73834838]]

 [[ 0.03374146  0.16011833  0.80614021]]

 [[ 0.02232986  0.1368562   0.84081393]]

 [[ 0.01756602  0.12248735  0.85994663]]

 [[ 0.0993156   0.18393056  0.71675384]]

 [[ 0.06271455  0.14031282  0.79697263]]

 [[ 0.04467911  0.2423049   0.71301599]]

 [[ 0.14620089  0.29585989  0.55793922]]

 [[ 0.14695965  0.43536396  0.41767639]]

 [[ 0.19182827  0.29768516  0.51048657]]

 [[ 0.11506493  0.17835865  0.70657642]]

 [[ 0.10842347  0.1867172   0.70485933]]

 [[ 0.14881816  0.26844868  0.58273316]]

 [[ 0.20153767  0.26084246  0.53761987]]

 [[ 0.18710343  0.23473762  0.57815894]]

 [[ 0.07439059  0.11980572  0.80580369]]

 [[ 0.16683737  0.23861552  0.59454711]]

 [[ 0.0742101   0.15733095  0.76845895]]

 [[ 0.04771336  0.12276141  0.82952523]]

 [[ 0.07905436  0.13970143  0.78124421]]

 [[ 0.04477992  0.10376614  0.85145394]]

 [[ 0.05090846  0.11007985  0.83901168]]]
type_error: 0
target_time:  1.0
time_predict:  2.29072765958
time_error: 1.29072765958
step :  9
seq_type_event:  [[3]
 [0]
 [2]
 [0]
 [2]
 [2]
 [2]
 [2]
 [1]
 [2]
 [2]
 [2]
 [2]
 [1]
 [2]
 [0]
 [2]
 [1]
 [2]
 [1]
 [1]
 [1]
 [1]
 [0]
 [1]
 [1]
 [1]
 [1]
 [1]
 [1]
 [1]
 [1]
 [1]
 [1]
 [1]
 [1]
 [1]
 [2]
 [2]
 [2]
 [1]
 [1]
 [1]
 [1]
 [2]
 [1]
 [2]
 [1]
 [1]]
seq_time_values:  [[  0.]
 [  0.]
 [ 54.]
 [  1.]
 [  4.]
 [  2.]
 [  2.]
 [  3.]
 [  1.]
 [  2.]
 [  2.]
 [  1.]
 [  2.]
 [  1.]
 [  2.]
 [  1.]
 [  6.]
 [  1.]
 [  1.]
 [  2.]
 [  2.]
 [  3.]
 [  3.]
 [  3.]
 [  1.]
 [  5.]
 [  1.]
 [  1.]
 [  1.]
 [  1.]
 [  2.]
 [  4.]
 [  1.]
 [  1.]
 [  1.]
 [  1.]
 [  6.]
 [  1.]
 [  1.]
 [  2.]
 [  1.]
 [  2.]
 [  1.]
 [  1.]
 [  6.]
 [  2.]
 [  3.]
 [  3.]
 [  5.]]
target_type:  1
type_predict:  1
prob_over_seq_over_type:  [[[ 0.3269476   0.28439896  0.38865344]]

 [[ 0.76618694  0.1338221   0.09999096]]

 [[ 0.28728073  0.24315616  0.46956311]]

 [[ 0.62622395  0.18807604  0.18570001]]

 [[ 0.28320301  0.18965977  0.52713722]]

 [[ 0.15299105  0.16142685  0.6855821 ]]

 [[ 0.07496281  0.13534189  0.7896953 ]]

 [[ 0.04875304  0.10468024  0.84656672]]

 [[ 0.07392426  0.27110245  0.65497328]]

 [[ 0.04357633  0.14005833  0.81636534]]

 [[ 0.04555026  0.12784002  0.82660973]]

 [[ 0.04508481  0.12523924  0.82967595]]

 [[ 0.05978159  0.12521354  0.81500488]]

 [[ 0.08069169  0.25728809  0.66202022]]

 [[ 0.10020834  0.20761102  0.69218064]]

 [[ 0.25480614  0.20837429  0.53681956]]

 [[ 0.15827423  0.17310105  0.66862472]]

 [[ 0.20137019  0.28548459  0.51314522]]

 [[ 0.15820704  0.22074803  0.62104493]]

 [[ 0.19198291  0.30059423  0.50742286]]

 [[ 0.21715894  0.34255739  0.44028367]]

 [[ 0.23491555  0.35962451  0.40545994]]

 [[ 0.23817994  0.36731937  0.39450069]]

 [[ 0.43822105  0.26497174  0.29680721]]

 [[ 0.348112    0.3711364   0.2807516 ]]

 [[ 0.31958894  0.39663913  0.28377193]]

 [[ 0.26904856  0.44928712  0.28166432]]

 [[ 0.23822418  0.49080447  0.27097134]]

 [[ 0.20796927  0.55092189  0.24110884]]

 [[ 0.16903665  0.61941505  0.21154831]]

 [[ 0.14795185  0.63116944  0.22087871]]

 [[ 0.1183679   0.68517712  0.19645499]]

 [[ 0.10603629  0.69761055  0.19635316]]

 [[ 0.09621374  0.72625213  0.17753413]]

 [[ 0.08662426  0.76423826  0.14913749]]

 [[ 0.0785347   0.78715638  0.13430893]]

 [[ 0.12050876  0.66768308  0.21180816]]

 [[ 0.09499567  0.58656737  0.31843696]]

 [[ 0.09286326  0.46223939  0.44489736]]

 [[ 0.12046719  0.35276715  0.52676566]]

 [[ 0.10382919  0.45930497  0.43686584]]

 [[ 0.12583788  0.51927304  0.35488908]]

 [[ 0.09427928  0.59803329  0.30768744]]

 [[ 0.07854284  0.65805505  0.26340211]]

 [[ 0.13643128  0.39363922  0.4699295 ]]

 [[ 0.10323434  0.5027469   0.39401875]]

 [[ 0.11941753  0.3366613   0.54392117]]

 [[ 0.11569156  0.46672518  0.41758326]]]
type_error: 0
target_time:  5.0
time_predict:  2.71741828369
time_error: 2.28258171631
step :  10
seq_type_event:  [[3]
 [2]
 [2]
 [2]
 [2]
 [2]
 [2]
 [2]
 [2]
 [2]
 [2]
 [1]
 [1]
 [1]
 [1]
 [2]
 [2]
 [1]
 [1]
 [2]
 [1]
 [1]
 [1]
 [1]
 [2]
 [1]
 [1]
 [1]
 [2]
 [2]
 [2]
 [2]
 [1]
 [2]
 [2]
 [2]
 [1]
 [1]
 [1]
 [1]
 [1]
 [1]
 [1]
 [1]
 [1]
 [2]
 [2]
 [1]
 [1]]
seq_time_values:  [[  0.]
 [  0.]
 [  1.]
 [  2.]
 [  2.]
 [  1.]
 [  1.]
 [  1.]
 [  2.]
 [  1.]
 [  1.]
 [  1.]
 [  1.]
 [  1.]
 [  3.]
 [  2.]
 [  1.]
 [  5.]
 [  1.]
 [ 10.]
 [  2.]
 [  2.]
 [  2.]
 [  1.]
 [ 10.]
 [ 11.]
 [ 13.]
 [  5.]
 [  2.]
 [  1.]
 [  1.]
 [  1.]
 [  1.]
 [  1.]
 [  1.]
 [  1.]
 [  2.]
 [  2.]
 [  1.]
 [  2.]
 [  3.]
 [  2.]
 [  2.]
 [ 23.]
 [  4.]
 [  4.]
 [  5.]
 [  4.]
 [  8.]]
target_type:  1
type_predict:  1
prob_over_seq_over_type:  [[[ 0.32700068  0.2843812   0.38861813]]

 [[ 0.12464204  0.22889728  0.64646068]]

 [[ 0.05180726  0.14644085  0.80175189]]

 [[ 0.02776985  0.06521078  0.90701937]]

 [[ 0.02437062  0.05257393  0.92305544]]

 [[ 0.02188325  0.05726106  0.92085569]]

 [[ 0.01618104  0.0522343   0.93158466]]

 [[ 0.0129837   0.04994071  0.93707558]]

 [[ 0.02558923  0.05680566  0.91760511]]

 [[ 0.01830312  0.04915528  0.9325416 ]]

 [[ 0.01437018  0.04918558  0.93644423]]

 [[ 0.04939816  0.229548    0.72105384]]

 [[ 0.06724241  0.34950814  0.58324945]]

 [[ 0.04167787  0.41819216  0.54012997]]

 [[ 0.04300851  0.44005038  0.51694112]]

 [[ 0.06820765  0.25700737  0.67478499]]

 [[ 0.0356354   0.21142306  0.75294155]]

 [[ 0.10490968  0.28959257  0.60549775]]

 [[ 0.07211561  0.36800999  0.5598744 ]]

 [[ 0.12972536  0.27233983  0.59793481]]

 [[ 0.10257499  0.34068245  0.55674256]]

 [[ 0.10921693  0.41790496  0.47287812]]

 [[ 0.11668781  0.50658617  0.37672602]]

 [[ 0.10705593  0.58328894  0.30965513]]

 [[ 0.1558631   0.39991237  0.44422453]]

 [[ 0.19216468  0.47407112  0.33376421]]

 [[ 0.19032516  0.51754454  0.2921303 ]]

 [[ 0.18470813  0.53566273  0.27962914]]

 [[ 0.13649638  0.42576672  0.4377369 ]]

 [[ 0.12987195  0.36670492  0.50342313]]

 [[ 0.12922943  0.2767106   0.59405998]]

 [[ 0.12584126  0.22915596  0.64500278]]

 [[ 0.13013288  0.35257644  0.51729068]]

 [[ 0.12214879  0.29525147  0.58259975]]

 [[ 0.08819814  0.25623594  0.65556592]]

 [[ 0.06530684  0.22826106  0.7064321 ]]

 [[ 0.11428489  0.34255815  0.54315695]]

 [[ 0.15371081  0.40586549  0.44042371]]

 [[ 0.13167798  0.45350753  0.41481449]]

 [[ 0.14942476  0.48517689  0.36539835]]

 [[ 0.15610674  0.51054027  0.33335299]]

 [[ 0.1302182   0.58041569  0.28936611]]

 [[ 0.10250538  0.64246911  0.25502551]]

 [[ 0.15784968  0.54715597  0.29499436]]

 [[ 0.15940241  0.56727113  0.27332645]]

 [[ 0.15408811  0.41120925  0.43470264]]

 [[ 0.15127695  0.32048251  0.52824054]]

 [[ 0.18932413  0.43279806  0.37787781]]]
type_error: 0
target_time:  8.0
time_predict:  3.5638598457
time_error: 4.4361401543
step :  11
seq_type_event:  [[3]
 [0]
 [0]
 [0]
 [0]
 [0]
 [1]
 [0]
 [0]
 [0]
 [0]
 [0]
 [0]
 [0]
 [0]
 [0]
 [0]
 [1]
 [0]
 [1]
 [0]
 [0]
 [0]
 [0]
 [1]
 [0]
 [0]]
seq_time_values:  [[ 0.]
 [ 0.]
 [ 1.]
 [ 1.]
 [ 1.]
 [ 1.]
 [ 1.]
 [ 1.]
 [ 1.]
 [ 1.]
 [ 1.]
 [ 1.]
 [ 1.]
 [ 1.]
 [ 1.]
 [ 1.]
 [ 1.]
 [ 1.]
 [ 3.]
 [ 1.]
 [ 1.]
 [ 1.]
 [ 1.]
 [ 1.]
 [ 1.]
 [ 1.]
 [ 1.]]
target_type:  0
type_predict:  0
prob_over_seq_over_type:  [[[ 0.32689276  0.28441639  0.38869085]]

 [[ 0.66772105  0.18643929  0.14583966]]

 [[ 0.89848147  0.07841763  0.0231009 ]]

 [[ 0.91492565  0.05451405  0.0305603 ]]

 [[ 0.91170726  0.06181418  0.02647856]]

 [[ 0.92837268  0.05325176  0.01837555]]

 [[ 0.58641736  0.32988445  0.08369819]]

 [[ 0.79277013  0.18308059  0.02414928]]

 [[ 0.85628738  0.12413505  0.01957757]]

 [[ 0.88209605  0.09502655  0.0228774 ]]

 [[ 0.90118848  0.07652588  0.02228564]]

 [[ 0.91535766  0.06488824  0.0197541 ]]

 [[ 0.9268778   0.05650696  0.01661524]]

 [[ 0.93633628  0.05002846  0.01363525]]

 [[ 0.94408509  0.04483757  0.01107734]]

 [[ 0.95039098  0.04061473  0.0089943 ]]

 [[ 0.95549796  0.03715701  0.00734504]]

 [[ 0.63233309  0.30280702  0.06485988]]

 [[ 0.91252568  0.07393252  0.0135418 ]]

 [[ 0.61159261  0.31952605  0.06888134]]

 [[ 0.73651548  0.21827934  0.04520517]]

 [[ 0.77927582  0.17976384  0.04096034]]

 [[ 0.80631401  0.15084434  0.04284165]]

 [[ 0.82876879  0.12880481  0.0424264 ]]

 [[ 0.58947029  0.33513232  0.07539739]]

 [[ 0.72378226  0.24039157  0.03582617]]]
type_error: 0
target_time:  1.0
time_predict:  1.06277074623
time_error: 0.0627707462343
step :  12
seq_type_event:  [[3]
 [1]
 [1]
 [2]
 [2]
 [2]
 [2]
 [2]
 [2]
 [2]
 [2]
 [2]
 [2]
 [2]
 [2]
 [2]
 [1]
 [1]
 [1]
 [2]
 [2]
 [2]
 [2]
 [2]
 [2]
 [2]
 [2]
 [2]
 [2]
 [2]
 [2]
 [2]
 [2]
 [2]
 [2]
 [2]
 [2]
 [0]
 [2]
 [2]
 [2]
 [2]
 [2]
 [2]
 [2]
 [2]
 [1]
 [1]
 [1]]
seq_time_values:  [[  0.]
 [  0.]
 [  1.]
 [  1.]
 [  1.]
 [  1.]
 [  1.]
 [  1.]
 [  1.]
 [  1.]
 [  1.]
 [  1.]
 [  1.]
 [  1.]
 [  1.]
 [  1.]
 [  1.]
 [  1.]
 [  1.]
 [  1.]
 [  1.]
 [  1.]
 [  1.]
 [  1.]
 [  1.]
 [  1.]
 [  2.]
 [  1.]
 [  1.]
 [  1.]
 [  1.]
 [  1.]
 [  2.]
 [  1.]
 [  1.]
 [  1.]
 [  1.]
 [  4.]
 [  1.]
 [  2.]
 [  1.]
 [  2.]
 [  4.]
 [  1.]
 [ 15.]
 [  1.]
 [  1.]
 [  1.]
 [  1.]]
target_type:  1
type_predict:  2
prob_over_seq_over_type:  [[[ 0.32695698  0.28439539  0.38864763]]

 [[ 0.17079145  0.51044612  0.31876244]]

 [[ 0.14158226  0.65429018  0.20412756]]

 [[ 0.14480799  0.41731355  0.43787845]]

 [[ 0.05296087  0.32058392  0.62645521]]

 [[ 0.03547399  0.27209655  0.69242946]]

 [[ 0.02916012  0.23979486  0.73104502]]

 [[ 0.02778142  0.21683283  0.75538575]]

 [[ 0.02970595  0.20160038  0.76869367]]

 [[ 0.03327659  0.1908578   0.77586561]]

 [[ 0.03733301  0.18258676  0.78008023]]

 [[ 0.04110567  0.1756691   0.78322523]]

 [[ 0.04416502  0.16944219  0.78639279]]

 [[ 0.04634719  0.163505    0.79014781]]

 [[ 0.04764912  0.15761367  0.79473721]]

 [[ 0.04814329  0.15162003  0.80023668]]

 [[ 0.04689565  0.2963008   0.65680355]]

 [[ 0.03495945  0.4308887   0.53415185]]

 [[ 0.01754982  0.48884707  0.49360311]]

 [[ 0.01627384  0.32817957  0.65554659]]

 [[ 0.01530355  0.24689883  0.73779761]]

 [[ 0.01909453  0.22208966  0.75881581]]

 [[ 0.02595481  0.21219747  0.76184772]]

 [[ 0.03307388  0.20568158  0.76124455]]

 [[ 0.03955926  0.2007172   0.75972354]]

 [[ 0.04502587  0.19639942  0.75857471]]

 [[ 0.05976606  0.17226018  0.76797376]]

 [[ 0.05392534  0.16753479  0.77853986]]

 [[ 0.0549215   0.17038845  0.77469005]]

 [[ 0.05701579  0.16830127  0.77468294]]

 [[ 0.05784302  0.16456072  0.77759626]]

 [[ 0.05765463  0.16013909  0.78220628]]

 [[ 0.06556755  0.13289661  0.80153584]]

 [[ 0.05260288  0.12271531  0.8246818 ]]

 [[ 0.04690892  0.11998112  0.83310996]]

 [[ 0.04494984  0.1152514   0.83979876]]

 [[ 0.0428603   0.10948775  0.84765195]]

 [[ 0.41865598  0.15012369  0.43122032]]

 [[ 0.16405459  0.12444976  0.71149565]]

 [[ 0.09880165  0.12318512  0.77801323]]

 [[ 0.05375789  0.10057625  0.84566586]]

 [[ 0.0679835   0.11695837  0.81505813]]

 [[ 0.03804156  0.07952737  0.88243107]]

 [[ 0.04575174  0.10731373  0.84693453]]

 [[ 0.06755072  0.13178724  0.80066204]]

 [[ 0.03096485  0.08419203  0.88484312]]

 [[ 0.07621204  0.2109219   0.71286606]]

 [[ 0.073699    0.28072182  0.64557917]]]
type_error: 1
target_time:  1.0
time_predict:  2.10554698695
time_error: 1.10554698695
step :  13
seq_type_event:  [[3]
 [0]
 [0]
 [0]
 [1]
 [0]
 [0]
 [0]
 [0]
 [0]
 [0]
 [0]
 [0]
 [0]
 [0]
 [0]
 [0]
 [0]
 [0]
 [0]
 [0]
 [0]
 [0]
 [0]
 [0]
 [0]
 [0]
 [0]
 [0]
 [0]
 [0]
 [0]
 [0]
 [0]
 [0]
 [0]
 [0]
 [0]
 [0]
 [0]
 [0]
 [0]
 [0]
 [0]
 [0]
 [0]
 [0]
 [0]
 [0]]
seq_time_values:  [[  0.]
 [  0.]
 [ 22.]
 [  4.]
 [ 19.]
 [  1.]
 [  4.]
 [ 17.]
 [  1.]
 [  1.]
 [  3.]
 [  6.]
 [  1.]
 [  3.]
 [  5.]
 [  2.]
 [  1.]
 [  1.]
 [  1.]
 [  3.]
 [  1.]
 [  1.]
 [  1.]
 [  1.]
 [  1.]
 [  1.]
 [  2.]
 [  2.]
 [  1.]
 [  1.]
 [  1.]
 [  1.]
 [  1.]
 [  1.]
 [  1.]
 [  1.]
 [  1.]
 [  3.]
 [  5.]
 [  1.]
 [  1.]
 [  1.]
 [  1.]
 [  2.]
 [  1.]
 [  3.]
 [  1.]
 [  1.]
 [  1.]]
target_type:  0
type_predict:  0
prob_over_seq_over_type:  [[[ 0.32683839  0.2844343   0.38872731]]

 [[ 0.75790124  0.14279837  0.09930039]]

 [[ 0.52072033  0.18817198  0.29110769]]

 [[ 0.64165251  0.14099598  0.21735151]]

 [[ 0.3731843   0.30281007  0.32400563]]

 [[ 0.75117425  0.15339844  0.09542731]]

 [[ 0.60739457  0.16799681  0.22460862]]

 [[ 0.5334592   0.19321532  0.27332549]]

 [[ 0.85481596  0.07941277  0.06577127]]

 [[ 0.8990913   0.06499312  0.03591557]]

 [[ 0.7875897   0.09204523  0.12036506]]

 [[ 0.68423397  0.11838132  0.19738471]]

 [[ 0.94532769  0.03690129  0.01777102]]

 [[ 0.84607811  0.0679002   0.08602168]]

 [[ 0.72454863  0.10678937  0.168662  ]]

 [[ 0.86171332  0.06870102  0.06958566]]

 [[ 0.96013943  0.02860201  0.01125856]]

 [[ 0.94779745  0.03173226  0.02047029]]

 [[ 0.93662713  0.03829339  0.02507949]]

 [[ 0.93024527  0.04117469  0.02858004]]

 [[ 0.93800795  0.03906441  0.02292764]]

 [[ 0.93699056  0.03799706  0.02501238]]

 [[ 0.95378777  0.02915161  0.01706061]]

 [[ 0.96939413  0.02063719  0.00996868]]

 [[ 0.97752509  0.01623551  0.0062394 ]]

 [[ 0.97972638  0.01568296  0.00459066]]

 [[ 0.93789674  0.03920477  0.02289848]]

 [[ 0.93144468  0.04122687  0.02732846]]

 [[ 0.95642029  0.02680213  0.01677759]]

 [[ 0.97044932  0.02042377  0.00912691]]

 [[ 0.97414794  0.01972153  0.00613053]]

 [[ 0.96716143  0.02583311  0.00700546]]

 [[ 0.95136497  0.03709226  0.01154277]]

 [[ 0.93764357  0.04707138  0.01528506]]

 [[ 0.93177097  0.0515493   0.01667973]]

 [[ 0.93066895  0.05277364  0.0165574 ]]

 [[ 0.9312511   0.05283579  0.0159131 ]]

 [[ 0.95142467  0.03341917  0.01515616]]

 [[ 0.90152008  0.0513695   0.04711042]]

 [[ 0.97689129  0.01933816  0.00377056]]

 [[ 0.97558709  0.01800399  0.00640892]]

 [[ 0.97689657  0.0182369   0.00486653]]

 [[ 0.98358325  0.01426694  0.0021498 ]]

 [[ 0.95545527  0.0318783   0.01266643]]

 [[ 0.97360079  0.02050463  0.00589458]]

 [[ 0.93868624  0.03884918  0.02246458]]

 [[ 0.95766947  0.02838506  0.01394547]]

 [[ 0.97531157  0.018749    0.00593943]]]
type_error: 0
target_time:  1.0
time_predict:  2.05757592987
time_error: 1.05757592987
step :  14
seq_type_event:  [[3]
 [0]
 [0]
 [0]
 [0]
 [0]
 [0]
 [0]
 [0]
 [0]
 [0]
 [0]
 [0]
 [0]
 [0]
 [0]
 [0]
 [0]
 [0]
 [0]
 [0]
 [0]
 [0]
 [0]
 [0]
 [0]
 [0]
 [0]
 [0]
 [0]
 [0]
 [0]
 [0]
 [0]
 [0]
 [0]
 [0]
 [0]
 [0]
 [0]
 [0]
 [0]
 [0]
 [0]
 [0]
 [0]
 [0]
 [0]
 [0]]
seq_time_values:  [[ 0.]
 [ 0.]
 [ 1.]
 [ 1.]
 [ 1.]
 [ 1.]
 [ 1.]
 [ 1.]
 [ 1.]
 [ 1.]
 [ 1.]
 [ 1.]
 [ 1.]
 [ 1.]
 [ 1.]
 [ 1.]
 [ 3.]
 [ 1.]
 [ 1.]
 [ 4.]
 [ 1.]
 [ 1.]
 [ 1.]
 [ 2.]
 [ 1.]
 [ 1.]
 [ 1.]
 [ 1.]
 [ 1.]
 [ 1.]
 [ 1.]
 [ 1.]
 [ 1.]
 [ 1.]
 [ 1.]
 [ 1.]
 [ 1.]
 [ 1.]
 [ 1.]
 [ 1.]
 [ 1.]
 [ 1.]
 [ 1.]
 [ 1.]
 [ 1.]
 [ 1.]
 [ 2.]
 [ 1.]
 [ 3.]]
target_type:  0
type_predict:  0
prob_over_seq_over_type:  [[[ 0.32694078  0.28440065  0.38865857]]

 [[ 0.69860092  0.15080355  0.15059552]]

 [[ 0.88042172  0.09044948  0.02912879]]

 [[ 0.89762077  0.06118819  0.04119104]]

 [[ 0.89953454  0.06888399  0.03158146]]

 [[ 0.91785089  0.05940437  0.02274475]]

 [[ 0.93232865  0.05041104  0.01726031]]

 [[ 0.94173557  0.04438048  0.01388394]]

 [[ 0.94797025  0.04039544  0.01163431]]

 [[ 0.9524993   0.03752674  0.00997397]]

 [[ 0.95603117  0.03530627  0.00866256]]

 [[ 0.95890824  0.03350455  0.00758721]]

 [[ 0.96131765  0.03199531  0.00668705]]

 [[ 0.96337064  0.03070385  0.00592551]]

 [[ 0.96513943  0.02958276  0.00527781]]

 [[ 0.96667525  0.02859953  0.00472522]]

 [[ 0.98250289  0.01262346  0.00487364]]

 [[ 0.96361939  0.02648288  0.00989773]]

 [[ 0.96519451  0.02739059  0.00741491]]

 [[ 0.96687774  0.01878459  0.01433766]]

 [[ 0.96991485  0.02398043  0.00610472]]

 [[ 0.97220788  0.02190054  0.00589158]]

 [[ 0.96658318  0.02743946  0.00597736]]

 [[ 0.95730832  0.03122302  0.01146865]]

 [[ 0.96058639  0.03050011  0.0089135 ]]

 [[ 0.95419047  0.03558637  0.01022315]]

 [[ 0.95200796  0.03767858  0.01031346]]

 [[ 0.95255544  0.03769951  0.00974504]]

 [[ 0.95362062  0.03722986  0.00914952]]

 [[ 0.95473842  0.03664882  0.00861276]]

 [[ 0.95588632  0.03599956  0.00811412]]

 [[ 0.95705998  0.03530027  0.00763975]]

 [[ 0.95825136  0.03456647  0.00718216]]

 [[ 0.95944996  0.03381178  0.00673827]]

 [[ 0.96064348  0.0330485   0.00630802]]

 [[ 0.96181977  0.03228725  0.00589298]]

 [[ 0.96296815  0.03153657  0.00549527]]

 [[ 0.96407993  0.03080311  0.00511696]]

 [[ 0.96514851  0.03009177  0.00475972]]

 [[ 0.96616918  0.02940608  0.00442474]]

 [[ 0.96713892  0.02874843  0.00411265]]

 [[ 0.96805612  0.0281203   0.00382359]]

 [[ 0.96892028  0.02752248  0.00355724]]

